94437823-7770-u	1	14	17854	7056
11286506-2494-u	1	22	5518	2081
34294847-4974-u	1	17	11694	4546
1672199-376-u	0	0	0	0
95434370-7727-u	1	32	18061	7225
159791067-9518-u	0	0	22080	8690
9837583-2320-u	1	4	5149	1907
110358028-8055-u	1	11	18115	7185
464919333-13267-u	1	1	28918	10391
290583984-11443-u	1	4	24676	9144
92359984-6734-u	1	13	16010	6267
596626889-13829-u	0	0	29752	10788
282024550-11209-u	1	3	24212	8984
67153420-6780-u	1	33	16193	6331
74292152-7049-u	1	32	16755	6575
147688741-8733-u	1	9	19460	7546
142654511-9198-u	1	29	21281	8442
509183863-13396-u	1	10	29024	10482
584990116-14059-u	1	250	30213	10951
394543446-12580-u	1	80	26598	9308
8516476-2089-u	0	0	4302	1677
727992223-14929-u	1	51	31382	11232
594910847-14132-u	1	1	30305	11002
59012338-6427-u	0	0	15451	5981
52949655-6145-u	0	0	14715	5704
32522577-4868-u	1	3	11445	4441
244671840-10673-u	1	16	23302	8576
136693181-7615-u	0	0	17683	6955
684918978-14752-u	1	11	31710	11460
3147286-792-u	1	3	1484	386
103381750-8121-u	0	0	18224	7244
67575041-6792-u	1	11	16300	6343
37902208-5190-u	1	55	12537	4761
11320971-2517-u	0	0	5544	2104
574998100-14001-u	1	11	30104	10909
159731742-9409-u	1	1	21895	8607
23814577-4014-u	1	7	9858	3589
106796272-8201-u	1	87	18343	7271
746787060-13850-u	1	100	28747	10141
52583108-6108-u	0	0	14664	5666
1703479-353-u	0	0	0	0
6269898-1477-u	1	2	3184	1068
8168762-2034-u	1	1	4216	1624
872037933-15665-u	1	5	33132	12102
890124394-15254-u	1	24	30215	10309
973122287-16054-u	1	280	32413	11409
5369114-1352-u	1	10	2822	945
139147827-7611-u	0	0	17565	6962
448791285-12868-u	1	83	28065	10114
18877606-3362-u	0	0	8601	2944
403032546-12654-u	1	15	27485	9893
79384816-7264-u	1	5	17234	6805
395309309-12589-u	1	5	27446	9861
122351624-8648-u	1	1	19960	7986
533126691-11929-u	0	0	26263	9507
121284541-8628-u	1	18	19186	7496
31287972-4312-u	1	15	10293	3887
121797261-8267-u	1	204	18985	7670
50333996-5962-u	1	41	14477	5522
659390435-14494-u	1	43	30360	10735
111736175-8315-u	1	43	19044	7709
23066256-2714-u	0	0	5919	2301
28257058-4491-u	1	4	10789	4064
627648311-14356-u	1	33	29632	10380
21419592-3701-u	1	28	9285	3279
167230135-9603-u	1	6	21278	8034
65640121-6216-u	1	88	14903	5771
599319758-14077-u	1	21	29834	10766
28670561-4467-u	1	7	10665	4040
330019471-11856-u	1	34	25956	9456
176432851-9011-u	0	0	20910	8289
26270191-4244-u	1	3	10222	3819
972031903-16054-u	1	4	32413	11409
167824553-8682-u	1	66	19362	7497
6319166-1584-u	1	1	3435	1175
128251343-8783-u	1	6	20420	8105
372423052-12383-u	1	222	26924	9754
115373692-8468-u	0	0	18520	7365
716362875-14894-u	1	181	31986	11560
74719379-7088-u	1	130	16892	6614
132805312-8694-u	1	10	20199	8028
307258183-11452-u	1	2	24703	9152
788372634-15324-u	1	9	32601	11860
312410625-11568-u	1	23	24801	9076
102472089-8091-u	0	0	18121	7190
39940920-5318-u	1	146	12861	4886
237243724-10569-u	1	4	23151	8755
587190462-14065-u	0	0	30240	10956
4346862-1188-u	0	0	2477	781
275390814-11184-u	1	5	24076	8964
69923015-6857-u	1	44	16376	6408
22321083-3114-u	1	266	8028	2699
582596967-13038-u	0	0	28512	10228
28256992-4491-u	1	4	10789	4064
382266541-12475-u	1	2	27270	9807
103059329-8095-u	1	12	18695	7529
82277423-7335-u	1	2	17408	6870
5615230-1364-u	1	20	2866	957
14020666-2828-u	1	19	6447	2414
734357241-13065-u	1	7	28543	10250
226494913-10528-u	1	71	23117	8727
533356452-13384-u	1	16	29011	10472
26304337-3909-u	0	0	9708	3487
110133495-8164-u	1	3	18169	7231
558106985-13808-u	1	7	29735	10773
12841519-2671-u	1	1	5870	2258
88808078-7520-u	1	17	17511	6910
9859398-2326-u	0	0	5155	1913
110584695-8330-u	1	94	18463	7355
22800494-3852-u	1	21	9647	3430
8008449-1928-u	0	0	4032	1518
375310407-11650-u	1	43	25423	9303
4288212-1116-u	1	1	2322	709
35874697-5055-u	1	14	11834	4626
24287926-4063-u	1	19	9925	3638
728625497-14983-u	1	158	32190	11621
381277836-12472-u	1	216	27268	9805
140078248-9081-u	1	5	20073	7727
6458455-1642-u	1	4	3591	1233
968042757-15254-u	1	27	32541	11811
28960000-4244-u	1	23	10222	3819
228163960-10558-u	1	27	23144	8749
98665394-7996-u	1	13	18584	7452
682277570-14625-u	1	86	30521	10789
134033607-8924-u	1	1	20071	7705
7030927-1726-u	1	3	3695	1317
149994351-9188-u	0	0	21272	8432
265560513-11057-u	1	83	23956	8939
694703912-14437-u	1	40	30679	10987
780303857-15292-u	1	17	30237	10324
74947395-7097-u	1	10	16943	6645
162477440-9600-u	1	14	21345	8066
199716206-10121-u	1	34	22279	8295
728963628-14989-u	1	24	29992	10218
211665025-10287-u	0	0	23662	9223
373849890-11783-u	0	0	25401	9172
296476796-11452-u	0	0	24156	8861
18619933-3327-u	1	3	8571	2909
13496946-2768-u	1	16	6172	2354
97081231-7878-u	1	12	18365	7354
53822623-6099-u	1	38	14658	5658
406215753-12656-u	1	31	26864	9537
135605651-7611-u	1	56	17565	6962
860747362-15636-u	1	2	33109	12081
421662683-12868-u	1	82	27235	9609
508213447-13568-u	1	10	29378	10603
949169450-15970-u	1	3	32165	11365
111231746-8352-u	1	7	18368	7312
268620471-11088-u	1	1	23903	8894
568672354-13963-u	1	38	29298	10497
94424989-7781-u	0	0	18258	7270
272938718-11169-u	1	39	24136	9013
694709227-14495-u	1	15	31238	11267
50072483-5949-u	1	51	14460	5506
523827524-13684-u	1	35	29576	10805
264678309-11057-u	1	83	25067	9732
158512982-9484-u	1	25	22054	8663
76480814-7154-u	1	30	17109	6701
10253275-2390-u	1	23	5343	1977
422876813-12884-u	1	29	27331	9689
363260867-11991-u	1	121	26327	9552
373564957-12313-u	1	219	26770	9718
112190167-8374-u	1	7	19111	7759
20401801-3114-u	1	266	8028	2699
990991078-16163-u	1	86	31886	10987
1001842914-16217-u	1	2	32470	11452
138503103-6385-u	1	17	15373	5939
92623392-7693-u	0	0	17750	7031
982259081-16129-u	1	129	33046	11867
733325274-14731-u	1	89	31686	11443
286407312-11189-u	1	11	24081	8969
52931703-6138-u	1	6	14702	5694
134034879-8924-u	1	75	20071	7705
53961945-5939-u	1	34	14428	5499
669608410-14631-u	1	13	31019	11083
71898529-6960-u	1	30	16552	6489
347886081-12072-u	1	50	26391	9593
104654563-6734-u	1	19	16010	6267
135570874-7611-u	0	0	17838	7114
67504006-6773-u	1	75	16183	6324
776609088-15254-u	1	27	32541	11811
3128701-568-u	1	4	491	162
454261754-13155-u	0	0	28728	10317
617216459-14288-u	1	16	30772	11114
388867362-12518-u	1	8	27494	9908
128935917-8773-u	1	50	19595	7569
33040088-4882-u	1	2	11475	4455
973950860-16072-u	1	5	34038	12408
707261620-14846-u	1	100	29763	10193
104316608-8121-u	1	32	18224	7244
74686782-6861-u	1	363	16380	6412
31870262-4740-u	1	18	11135	4313
513402586-13559-u	1	9	28838	10307
15753535-2749-u	1	4	6144	2335
45279043-5627-u	1	8	13650	5190
138398470-7615-u	1	57	17937	7118
592105185-14109-u	1	7	30275	10983
343837225-12041-u	1	115	25932	9313
119961832-7950-u	1	4	18430	7416
227816111-10537-u	1	7	23124	8734
387682059-12525-u	1	17	27297	9832
117300101-8471-u	1	6	19296	7837
95296581-7822-u	1	14	17947	7121
521280696-13183-u	0	0	28750	10336
580888966-13983-u	1	89	29991	10896
165188724-9622-u	0	0	21299	8039
275117419-11210-u	1	61	24213	8985
22695959-3825-u	1	3	9578	3403
76277417-7071-u	1	2	16912	6620
20566627-3575-u	1	34	8926	3156
693378134-14587-u	1	103	29497	10098
22366382-3484-u	1	8	8787	3066
388194029-12508-u	0	0	27228	9826
76655855-7165-u	1	33	17123	6712
104929804-8089-u	1	7	18203	7225
131759346-8849-u	1	107	20680	8163
530691133-13709-u	1	227	29068	10387
8355562-2076-u	1	12	4293	1666
119527696-8055-u	1	11	18115	7185
129189299-8725-u	1	13	20247	8053
82219059-7325-u	0	0	17290	6806
10906183-2465-u	1	4	5443	2052
75554841-7127-u	1	9	16971	6674
69310855-6854-u	1	31	16373	6405
104643989-6734-u	1	41	16010	6267
533133397-11929-u	0	0	26263	9507
155839453-9451-u	1	237	21933	8640
217488058-10366-u	1	77	23020	8639
376289864-12396-u	1	79	27111	9825
22788520-3884-u	1	2	9683	3462
269051612-11060-u	1	4	23883	8877
175470326-9796-u	1	132	21922	8208
126406625-8722-u	1	13	19623	7661
680690779-14723-u	1	24	31673	11436
100647760-8043-u	1	34	18627	7489
246794836-10381-u	0	0	22865	8537
27673907-4319-u	1	31	10306	3894
52476014-5936-u	1	110	14413	5496
8735291-2143-u	1	1	4480	1730
44340283-5562-u	0	0	13540	5127
125027356-8687-u	1	143	20192	8021
779500761-15132-u	1	116	32334	11725
24493307-4108-u	1	23	10000	3683
38326009-4761-u	1	4	11181	4334
299044000-11208-u	1	113	23975	8810
811966-41-u	0	0	0	0
506079688-13469-u	1	8	28283	9962
131592734-8119-u	1	6	18223	7243
58367908-6388-u	1	71	15376	5942
342064140-12005-u	1	54	25888	9287
38047464-5187-u	1	52	12535	4758
22242429-3114-u	1	73	8028	2699
40557279-5334-u	1	14	12878	4902
58900500-6385-u	1	17	15366	5933
943643-86-u	0	0	0	0
159006531-9385-u	1	2	21687	8593
15474852-2932-u	1	11	7363	2518
87693380-7481-u	1	6	17660	7009
17217591-3114-u	1	32	8028	2699
340497012-11990-u	1	1	25587	9125
215212743-10365-u	1	76	22742	8423
230558212-10597-u	1	7	24341	9406
131566316-7611-u	1	54	17554	6958
235379481-10674-u	0	0	23411	8658
67608343-6802-u	1	5	16287	6337
805647724-15421-u	1	8	31173	10906
74955690-7096-u	1	3	16942	6644
443147490-13089-u	1	30	28259	10084
519675688-13559-u	1	12	29372	10597
58651194-6419-u	1	2	15432	5966
643877326-14478-u	1	105	29311	10050
92431438-7689-u	1	147	18025	7190
251271050-10902-u	0	0	24042	8987
506227750-13496-u	1	34	29223	10553
69069274-6851-u	1	10	16347	6386
174949237-9790-u	0	0	22873	8879
673681461-14672-u	1	5	31606	11397
675982217-14643-u	1	17	29573	10098
48341583-5852-u	1	5	14341	5414
338004537-11955-u	1	40	26298	9528
28371693-4502-u	1	13	10797	4075
59570342-6377-u	1	22	15269	5931
51717479-6078-u	1	41	14631	5637
249258073-10874-u	1	5	24020	8968
170277467-9624-u	1	69	22354	8768
305784011-11452-u	1	8	24298	8916
7080384-1758-u	1	1	3740	1349
413654064-8661-u	1	5	19289	7486
696778625-14802-u	1	22	29768	10210
897618550-15762-u	1	7	33297	12170
181724159-9876-u	1	78	23037	8946
734314327-13065-u	1	42	28543	10250
269190119-11060-u	1	4	23883	8877
47437735-5821-u	1	2	14105	5381
135606089-7611-u	1	56	17565	6962
376695252-12434-u	1	165	26653	9494
144296338-9077-u	1	40	20279	7872
13917660-2823-u	0	0	6443	2409
275118069-11208-u	1	194	24082	8888
289358406-11298-u	1	1	24377	9049
734311937-13065-u	1	42	28543	10250
472892453-12387-u	1	5	26852	9744
56915408-6316-u	1	14	15040	5872
262707079-11057-u	1	80	24147	9076
265941414-10978-u	1	108	23836	8833
2692217-656-u	1	12	951	250
9732964-1182-u	1	6	2471	775
18429098-3219-u	0	0	8147	2802
99953821-8031-u	1	1	18618	7479
39745943-5277-u	1	8	12718	4847
268331924-11096-u	1	9	24002	8900
31385321-4724-u	1	6	11114	4297
28646056-4518-u	1	98	10812	4091
3686696-1000-u	0	0	2077	593
418139937-12827-u	1	2	28039	10093
767666613-15183-u	1	90	32377	11757
5904117-376-u	0	0	0	0
253346992-10540-u	0	0	23133	8737
18918585-3371-u	0	0	8608	2953
112814100-8390-u	1	206	19122	7770
909173438-15766-u	1	44	33299	12172
723902002-14805-u	1	48	31773	11498
4554444-1245-u	1	11	2622	838
8153727-2039-u	1	2	4220	1629
78392303-7232-u	1	46	17186	6774
46703844-5567-u	1	14	13555	5132
48649294-5905-u	1	28	14380	5463
6938456-1731-u	1	3	3700	1322
29997826-4634-u	1	2	11004	4207
157347279-9469-u	1	19	21249	8123
72042704-6967-u	1	2	16594	6517
7976259-2001-u	1	6	4114	1591
681705792-14731-u	1	33	30361	10578
424902221-12906-u	1	100	27894	10058
881649429-15727-u	1	9	30608	10466
913479732-15820-u	1	7	31296	10848
243740604-9983-u	1	213	22359	8414
29551211-4601-u	0	0	10964	4174
19464771-3284-u	1	2	8332	2866
363683449-12276-u	1	11	26874	9733
20401427-3253-u	1	9	8293	2836
549003301-13807-u	1	56	29734	10772
136711551-9013-u	1	103	20059	7719
23012777-3921-u	0	0	9718	3497
419021661-8661-u	1	26	19283	7475
579120141-14019-u	1	7	30165	10923
96687733-7873-u	1	21	18361	7350
926503439-15837-u	0	0	33371	12225
514146220-13494-u	1	5	29218	10551
185569934-9904-u	0	0	23061	8966
93983524-7751-u	1	41	17795	7074
351666039-11929-u	1	1	25655	9126
217722898-10386-u	1	1	22856	8508
13504589-2738-u	0	0	5941	2324
351138428-12141-u	1	16	26540	9636
14957257-2899-u	0	0	7027	2485
682323493-14534-u	1	37	30771	11040
128756694-6385-u	1	173	15368	5935
276244156-10338-u	1	2	23003	8626
89164868-7571-u	1	14	17798	7077
4289600-1104-u	1	13	2293	697
56196965-6297-u	1	21	15019	5853
5698588-376-u	0	0	0	0
53152780-6147-u	1	38	14713	5703
585483372-14045-u	1	64	30199	10940
521240793-13655-u	1	3	29562	10667
15273212-2882-u	1	50	6808	2468
506968275-13550-u	1	2	28442	10005
467472233-13114-u	0	0	27390	9492
291950975-11457-u	1	119	24706	9156
233663252-10427-u	1	23	23933	9301
137805888-8820-u	1	41	20647	8136
24453275-4105-u	0	0	9986	3680
