normalized
5
5
16
16
16
5
16
5
0
0
0
5
12
8
8
8
3
2
0
0
43
7
13
13
5
5
12
54
1
21
21
21
23
23
16
12
25
30
25
30
15
15
0
0
0
4
32
32
1
3
35
16
0
2
5
10
10
10
0
5
0
0
10
0
10
10
0
4
5
3
12
2
5
7
4
5
5
9
8
4
5
46
5
5
3
2
10
2
2
2
3
3
1
36
2
3
94
8
63
44
7
7
5
3
11
11
3
4
4
4
0
16
0
14
11
5
5
0
0
7
0
22
0
0
5
0
19
3
1
3
4
3
40
0
8
8
28
9
4
9
9
9
9
6
6
9
10
0
10
10
11
11
5
5
9
25
6
0
6
2
3
4
42
42
5
5
10
10
10
3
2
51
18
0
0
46
1
46
7
7
2
0
0
0
0
4
4
3
3
40
40
3
8
7
15
10
0
0
0
0
0
15
15
15
19
35
14
15
4
20
4
4
3
3
20
16
16
4
5
4
4
4
28
27
40
22
6
3
9
4
92
5
5
1
1
31
62
10
29
24
24
24
24
29
59
59
54
54
54
59
54
54
54
7
7
10
8
2
5
35
19
46
34
2
26
8
25
30
42
42
22
3
3
13
14
17
0
19
10
10
10
6
4
4
9
9
9
9
27
9
9
75
7
0
5
6
4
20
17
16
17
8
0
32
26
14
32
19
6
2
6
2
23
2
2
2
2
4
4
5
5
5
5
5
2
2
2
2
2
3
22
3
2
59
59
59
22
22
11
7
22
3
34
43
43
12
68
22
44
27
26
33
33
83
20
15
4
4
4
12
6
15
9
17
6
17
4
26
72
16
16
1
4
4
4
8
67
67
67
1
1
1
19
49
11
8
8
4
7
7
5
5
5
5
5
0
4
4
27
27
27
6
29
27
6
27
27
27
2
7
7
7
7
7
7
7
7
7
7
8
8
0
0
0
0
0
15
2
2
4
6
4
19
10
10
10
20
11
3
7
10
12
3
9
9
9
3
3
3
3
14
7
34
32
26
62
10
10
4
5
5
18
9
7
11
18
14
18
0
0
0
0
0
0
0
0
0
0
0
2
9
27
25
25
35
21
21
32
32
32
32
46
46
46
46
1
1
52
52
52
52
41
4
4
4
6
24
30
5
13
13
3
3
3
4
3
8
8
26
20
1
8
6
4
0
4
4
25
25
40
40
25
11
11
13
23
0
6
6
3
2
1
2
2
0
2
2
0
2
6
0
0
0
0
0
0
0
7
7
3
3
0
5
2
3
6
6
5
9
3
3
5
4
90
2
9
0
0
0
63
1
5
3
2
4
2
18
18
16
28
6
2
0
21
17
7
3
12
8
16
23
16
10
0
0
0
0
0
0
7
6
1
5
0
36
1
1
0
2
0
2
3
64
64
43
13
1
6
6
1
1
0
16
2
24
27
24
27
21
21
25
25
25
9
7
41
1
11
1
11
1
1
0
0
6
6
0
2
1
4
27
10
3
15
15
1
7
3
2
4
3
1
3
3
0
1
0
2
2
5
8
7
4
5
4
4
61
42
21
0
0
21
19
21
9
21
0
0
9
22
7
0
28
28
24
0
0
15
8
0
12
1
1
3
1
1
105
24
25
25
0
0
8
5
0
1
1
7
8
4
25
55
4
1
1
35
14
11
11
1
4
4
17
0
1
39
39
39
12
3
3
10
4
4
68
68
40
7
15
11
2
2
2
10
2
1
24
1
4
4
29
29
1
6
38
2
4
45
100
7
86
1
56
56
1
82
3
59
54
54
1
8
11
37
16
2
19
52
12
32
6
6
13
24
4
6
13
13
13
9
35
8
6
22
47
47
18
61
0
3
2
1
37
37
1
54
23
23
28
28
29
27
26
29
28
82
5
5
3
6
15
12
9
6
4
8
8
65
20
26
3
3
7
17
16
16
15
4
1
1
1
67
0
5
5
2
2
2
5
5
1
5
2
2
0
8
41
41
41
13
2
2
3
2
3
0
0
0
0
0
0
0
0
0
0
0
7
2
6
3
6
39
4
22
0
0
8
8
32
20
20
20
17
17
17
18
0
0
2
2
6
31
2
0
7
1
75
4
3
2
2
196
4
2
4
8
26
0
8
8
13
18
18
0
0
36
16
21
12
12
0
8
61
57
32
32
9
9
46
13
46
13
17
0
8
25
5
20
7
200
200
16
16
16
6
4
4
2
3
3
1
1
25
1
2
2
1
0
1
0
1
2
0
13
13
0
0
4
2
4
6
4
32
43
43
7
10
2
2
2
10
10
6
6
5
27
90
9
2
1
0
2
0
0
28
0
17
0
1
15
66
66
1
141
1
0
21
21
3
34
34
34
5
0
2
2
0
0
0
0
0
8
18
21
7
0
7
15
5
0
3
0
2
1
1
1
1
10
0
0
0
0
5
4
4
18
0
1
2
1
1
1
1
1
1
