normalized
6
35
35
21
35
18
14
48
57
2
11
9
9
12
12
12
0
0
0
0
1
1
0
0
8
0
0
0
0
0
0
0
0
0
0
0
0
0
0
0
2
0
0
8
8
8
8
8
8
8
31
31
0
1
1
31
1
7
0
0
4
19
20
13
13
14
14
14
0
14
14
14
14
14
14
14
14
14
0
14
0
0
0
0
0
0
180
180
180
2
16
16
20
20
20
206
206
206
206
168
179
179
12
12
6
12
12
0
19
176
176
180
180
0
0
0
0
0
0
0
7
7
7
7
7
7
1
140
174
174
204
0
0
0
158
0
0
0
43
43
328
43
43
4
151
0
132
39
2
13
13
13
13
10
10
8
143
143
310
44
27
27
27
44
310
171
77
9
9
286
220
3
3
3
3
3
3
3
33
8
0
2
0
0
2
0
4
0
15
15
4
29
18
63
0
0
0
0
0
1
2
7
0
0
23
42
42
876
8
62
62
62
62
62
14
15
15
62
64
2
15
785
26
21
0
85
83
3
41
16
44
0
0
77
77
4
8
4
46
0
41
27
27
27
1
1
1
2
17
17
26
17
0
66
66
3
48
2
358
358
0
0
14
90
3
14
1
0
48
48
24
0
3
15
51
3
204
0
0
0
5
5
1
5
5
1
5
1
0
0
2
7
2
1
9
0
0
0
0
54
68
26
20
0
0
2
0
0
0
4
0
0
0
0
0
61
46
8
0
68
412
0
5
5
6
6
0
1
1
16
16
16
1
16
5
5
179
179
179
179
179
179
179
179
179
179
179
179
179
179
125
125
15
177
0
193
177
177
0
64
8
3
105
86
86
86
10
5
5
41
41
8
66
1
5
6
3
3
3
3
41
41
41
5
29
29
54
54
54
54
54
54
54
1
1
5
8
29
73
73
73
3
3
3
1
8
10
16
47
47
47
47
47
47
10
7
10
2
39
39
39
39
39
4
4
14
11
2
9
0
5
16
9
34
2
1
27
27
27
27
27
27
5
5
0
3
2
3
3
3
1
6
1
4
2
6
1
16
33
16
7
7
7
7
7
33
1
16
8
7
7
1
7
1
1
15
1
1
3
14
30
2
1
106
0
46
1
13
7
0
44
35
1
2
10
7
0
0
5
5
4
1
4
9
0
5
5
5
5
5
5
25
0
2
4
0
3
3
8
8
6
6
3
0
1
1
5
5
0
0
0
0
11
11
11
0
0
1
0
0
7
7
3
0
1
1
1
1
1
3
0
0
0
0
0
0
0
0
4
4
4
4
0
0
0
3
3
7
0
0
1
1
1
1
1
1
1
1
1
2
2
3
3
3
3
0
0
1
1
0
0
0
2
2
0
0
0
2
2
2
0
7
4
6
0
0
2
2
6
6
2
6
0
0
0
0
0
0
0
11
0
11
7
0
0
15
0
1
1
2
10
5
6
9
9
9
9
9
5
0
2
0
9
0
9
3
3
0
24
1
1
0
0
0
0
1
0
0
0
0
0
0
0
0
0
0
0
0
0
0
0
0
0
0
0
0
29
0
0
21
11
11
9
0
12
0
0
0
0
1
1
2
76
0
0
0
76
76
3
12
12
14
12
0
8
8
8
8
8
0
1
1
1
1
1
1
0
0
13
13
14
14
14
13
0
0
0
0
171
0
0
0
206
206
12
12
12
12
0
12
0
0
0
0
0
0
7
0
0
0
0
0
0
0
0
43
0
10
0
0
77
0
0
0
0
0
0
3
0
0
0
0
0
0
0
0
0
4
4
0
0
0
0
0
0
0
0
7
7
0
0
1
0
29
0
0
0
52
14
14
0
0
50
0
0
0
0
50
0
0
6
6
0
0
49
0
0
0
0
0
0
0
4
4
0
0
46
46
44
46
0
0
0
41
0
27
27
0
0
0
93
48
0
48
0
0
0
0
90
90
90
0
0
21
21
2
2
0
0
0
0
0
4
26
5
0
1
0
0
1
1
1
0
0
0
9
9
0
0
0
0
0
0
18
0
0
19
53
0
0
53
0
0
0
0
0
0
0
49
3
39
0
0
0
1
0
0
0
0
0
0
0
0
0
0
0
6
0
0
0
0
0
28
0
0
0
0
0
179
179
0
0
0
0
0
0
0
0
0
0
8
8
0
10
5
41
41
0
62
8
29
8
29
29
29
29
29
0
47
4
4
0
2
2
6
5
5
0
0
0
3
3
3
3
11
6
0
16
0
15
7
0
0
0
0
30
10
0
0
0
0
0
0
60
0
0
0
0
6
0
0
0
0
1
0
5
0
12
2
2
0
0
0
8
6
6
0
1
0
5
5
0
0
0
0
0
0
0
0
0
0
7
1
1
0
0
0
7
0
0
1
1
1
0
0
3
0
0
0
0
0
1
0
1
0
0
7
6
14
14
0
3
0
0
0
0
0
0
2
1
6
0
0
0
0
0
0
10
9
6
1
0
0
3
0
0
0
0
0
0
0
0
0
0
0
0
0
0
