normalized
0.11113580795732383
0.11113580795732383
0.3556345854634363
0.3556345854634363
0.3556345854634363
0.11113580795732383
0.3556345854634363
0.11113580795732383
0
0
0
0.11113580795732383
0.26672593909757725
0.17781729273171815
0.17781729273171815
0.17781729273171815
0.06668148477439431
0.04445432318292954
0
0
0.9557679484329852
0.15559013114025338
0.288953100689042
0.288953100689042
0.11113580795732383
0.11113580795732383
0.26672593909757725
1.2002667259390976
0.02222716159146477
0.46677039342076015
0.46677039342076015
0.46677039342076015
0.5112247166036897
0.5112247166036897
0.3556345854634363
0.26672593909757725
0.5556790397866193
0.6668148477439432
0.5556790397866193
0.6668148477439432
0.3334074238719716
0.3334074238719716
0
0
0
0.08890864636585907
0.7112691709268726
0.7112691709268726
0.02222716159146477
0.06668148477439431
0.777950655701267
0.3556345854634363
0
0.04445432318292954
0.11113580795732383
0.22227161591464767
0.22227161591464767
0.22227161591464767
0
0.11113580795732383
0
0
0.22227161591464767
0
0.22227161591464767
0.22227161591464767
0
0.08890864636585907
0.11113580795732383
0.06668148477439431
0.26672593909757725
0.04445432318292954
0.11113580795732383
0.15559013114025338
0.08890864636585907
0.11113580795732383
0.11113580795732383
0.20004445432318294
0.17781729273171815
0.08890864636585907
0.11113580795732383
1.0224494332073795
0.11113580795732383
0.11113580795732383
0.06668148477439431
0.04445432318292954
0.22227161591464767
0.04445432318292954
0.04445432318292954
0.04445432318292954
0.06668148477439431
0.06668148477439431
0.02222716159146477
0.8001778172927317
0.04445432318292954
0.06668148477439431
2.0893531895976882
0.17781729273171815
1.4003111802622805
0.9779951100244498
0.15559013114025338
0.15559013114025338
0.11113580795732383
0.06668148477439431
0.24449877750611246
0.24449877750611246
0.06668148477439431
0.08890864636585907
0.08890864636585907
0.08890864636585907
0
0.3556345854634363
0
0.31118026228050677
0.24449877750611246
0.11113580795732383
0.11113580795732383
0
0
0.15559013114025338
0
0.4889975550122249
0
0
0.11113580795732383
0
0.4223160702378307
0.06668148477439431
0.02222716159146477
0.06668148477439431
0.08890864636585907
0.06668148477439431
0.8890864636585907
0
0.17781729273171815
0.17781729273171815
0.6223605245610135
0.20004445432318294
0.08890864636585907
0.20004445432318294
0.20004445432318294
0.20004445432318294
0.20004445432318294
0.13336296954878862
0.13336296954878862
0.20004445432318294
0.22227161591464767
0
0.22227161591464767
0.22227161591464767
0.24449877750611246
0.24449877750611246
0.1939487975174554
0.1939487975174554
0.3491078355314197
0.9697439875872769
0.23273855702094648
0
0.23273855702094648
0.07757951900698215
0.11636927851047324
0.1551590380139643
1.6291698991466252
1.6291698991466252
0.1939487975174554
0.1939487975174554
0.3878975950349108
0.3878975950349108
0.3878975950349108
0.11636927851047324
0.07757951900698215
1.978277734678045
0.6982156710628394
0
0
1.7843289371605897
0.038789759503491075
1.7843289371605897
0.27152831652443754
0.27152831652443754
0.07757951900698215
0
0
0
0
0.1551590380139643
0.1551590380139643
0.11636927851047324
0.11636927851047324
1.5515903801396431
1.5515903801396431
0.11636927851047324
0.3103180760279286
0.27152831652443754
0.5818463925523661
0.3878975950349108
0
0
0
0
0
0.5818463925523661
0.5818463925523661
0.5818463925523661
0.7370054305663305
1.3576415826221877
0.5430566330488751
0.5818463925523661
0.1551590380139643
0.7757951900698216
0.1551590380139643
0.1551590380139643
0.11636927851047324
0.11636927851047324
0.7757951900698216
0.6206361520558572
0.6206361520558572
0.1551590380139643
0.1939487975174554
0.1551590380139643
0.1551590380139643
0.1551590380139643
1.0861132660977502
1.047323506594259
1.5515903801396431
0.8533747090768037
0.23273855702094648
0.11636927851047324
0.3491078355314197
0.1551590380139643
3.5686578743211794
0.1939487975174554
0.1939487975174554
0.038789759503491075
0.038789759503491075
1.2024825446082235
2.404965089216447
0.3878975950349108
1.1249030256012413
0.9309542280837859
0.9309542280837859
0.9309542280837859
0.9309542280837859
1.1249030256012413
2.288595810705974
2.288595810705974
2.094647013188518
2.094647013188518
2.094647013188518
2.288595810705974
2.094647013188518
2.094647013188518
2.094647013188518
0.27152831652443754
0.27152831652443754
0.3878975950349108
0.3103180760279286
0.07757951900698215
0.1939487975174554
1.3576415826221877
0.7370054305663305
1.7843289371605897
1.3188518231186968
0.07757951900698215
1.008533747090768
0.3103180760279286
0.9697439875872769
1.1636927851047323
1.6291698991466252
1.6291698991466252
0.8533747090768037
0.11636927851047324
0.11636927851047324
0.504266873545384
0.5430566330488751
0.6594259115593484
0
0.7370054305663305
0.3878975950349108
0.3878975950349108
0.3878975950349108
0.23273855702094648
0.1551590380139643
0.1551590380139643
0.3491078355314197
0.3491078355314197
0.3491078355314197
0.3491078355314197
1.047323506594259
0.3491078355314197
0.3491078355314197
2.909231962761831
0.27152831652443754
0
0.1939487975174554
0.23273855702094648
0.1551590380139643
0.7757951900698216
0.6594259115593484
0.6206361520558572
0.6594259115593484
0.3103180760279286
0
1.2412723041117144
1.008533747090768
0.5430566330488751
1.2412723041117144
0.7370054305663305
0.23273855702094648
0.07757951900698215
0.23273855702094648
0.07757951900698215
0.8921644685802949
0.06596306068601583
0.06596306068601583
0.06596306068601583
0.06596306068601583
0.13192612137203166
0.13192612137203166
0.16490765171503957
0.16490765171503957
0.16490765171503957
0.16490765171503957
0.16490765171503957
0.06596306068601583
0.06596306068601583
0.06596306068601583
0.06596306068601583
0.06596306068601583
0.09894459102902375
0.7255936675461742
0.09894459102902375
0.06596306068601583
1.945910290237467
1.945910290237467
1.945910290237467
0.7255936675461742
0.7255936675461742
0.3627968337730871
0.23087071240105542
0.7255936675461742
0.09894459102902375
1.121372031662269
1.4182058047493404
1.4182058047493404
0.395778364116095
2.242744063324538
0.7255936675461742
1.4511873350923483
0.8905013192612138
0.8575197889182058
1.0883905013192612
1.0883905013192612
2.737467018469657
0.6596306068601583
0.49472295514511877
0.13192612137203166
0.13192612137203166
0.13192612137203166
0.395778364116095
0.1978891820580475
0.49472295514511877
0.2968337730870712
0.5606860158311345
0.1978891820580475
0.5606860158311345
0.13192612137203166
0.8575197889182058
2.3746701846965697
0.5277044854881267
0.5277044854881267
0.032981530343007916
0.13192612137203166
0.13192612137203166
0.13192612137203166
0.2638522427440633
2.2097625329815305
2.2097625329815305
2.2097625329815305
0.032981530343007916
0.032981530343007916
0.032981530343007916
0.6266490765171504
1.6160949868073877
0.3627968337730871
0.2638522427440633
0.2638522427440633
0.13192612137203166
0.23087071240105542
0.23087071240105542
0.16490765171503957
0.16490765171503957
0.16490765171503957
0.16490765171503957
0.16490765171503957
0
0.13192612137203166
0.13192612137203166
0.8905013192612138
0.8905013192612138
0.8905013192612138
0.1978891820580475
0.9564643799472295
0.8905013192612138
0.1978891820580475
0.8905013192612138
0.8905013192612138
0.8905013192612138
0.06596306068601583
0.23087071240105542
0.23087071240105542
0.23087071240105542
0.23087071240105542
0.23087071240105542
0.23087071240105542
0.23087071240105542
0.23087071240105542
0.23087071240105542
0.23087071240105542
0.2638522427440633
0.2638522427440633
0
0
0
0
0
0.49472295514511877
0.06596306068601583
0.06596306068601583
0.13192612137203166
0.1978891820580475
0.13192612137203166
0.6266490765171504
0.32981530343007914
0.32981530343007914
0.32981530343007914
0.6596306068601583
0.3627968337730871
0.09894459102902375
0.23087071240105542
0.32981530343007914
0.395778364116095
0.09894459102902375
0.2968337730870712
0.2968337730870712
0.2968337730870712
0.09894459102902375
0.09894459102902375
0.09894459102902375
0.09894459102902375
0.46174142480211083
0.23087071240105542
1.121372031662269
1.0554089709762533
0.8575197889182058
2.044854881266491
0.32981530343007914
0.32981530343007914
0.13192612137203166
0.16490765171503957
0.16490765171503957
0.5936675461741424
0.2968337730870712
0.23087071240105542
0.3627968337730871
0.5936675461741424
0.46174142480211083
0.5936675461741424
0
0
0
0
0
0
0
0
0
0
0
0.05963029218843172
0.26833631484794274
0.8050089445438283
0.7453786523553966
0.7453786523553966
1.0435301132975552
0.6261180679785331
0.6261180679785331
0.9540846750149076
0.9540846750149076
0.9540846750149076
0.9540846750149076
1.3714967203339297
1.3714967203339297
1.3714967203339297
1.3714967203339297
0.02981514609421586
0.02981514609421586
1.550387596899225
1.550387596899225
1.550387596899225
1.550387596899225
1.2224209898628502
0.11926058437686345
0.11926058437686345
0.11926058437686345
0.17889087656529518
0.7155635062611807
0.8944543828264758
0.1490757304710793
0.3875968992248062
0.3875968992248062
0.08944543828264759
0.08944543828264759
0.08944543828264759
0.11926058437686345
0.08944543828264759
0.2385211687537269
0.2385211687537269
0.7751937984496124
0.5963029218843172
0.02981514609421586
0.2385211687537269
0.17889087656529518
0.11926058437686345
0
0.11926058437686345
0.11926058437686345
0.7453786523553966
0.7453786523553966
1.1926058437686344
1.1926058437686344
0.7453786523553966
0.3279666070363745
0.3279666070363745
0.3875968992248062
0.6857483601669648
0
0.17889087656529518
0.17889087656529518
0.08944543828264759
0.05963029218843172
0.02981514609421586
0.05963029218843172
0.05963029218843172
0
0.05963029218843172
0.05963029218843172
0
0.05963029218843172
0.17889087656529518
0
0
0
0
0
0
0
0.20870602265951102
0.20870602265951102
0.08944543828264759
0.08944543828264759
0
0.1490757304710793
0.05963029218843172
0.08944543828264759
0.17889087656529518
0.17889087656529518
0.1490757304710793
0.26833631484794274
0.08944543828264759
0.08944543828264759
0.1490757304710793
0.11926058437686345
2.6833631484794274
0.05963029218843172
0.26833631484794274
0
0
0
1.8783542039355994
0.02981514609421586
0.1490757304710793
0.08944543828264759
0.05963029218843172
0.11926058437686345
0.05963029218843172
0.5366726296958855
0.5366726296958855
0.4770423375074538
0.8348240906380441
0.17889087656529518
0.05963029218843172
0
0.6261180679785331
0.5068574836016696
0.20870602265951102
0.08944543828264759
0.35778175313059035
0.2385211687537269
0.4770423375074538
0.6857483601669648
0.4770423375074538
0.2981514609421586
0
0
0
0
0
0
0.20870602265951102
0.17889087656529518
0.02981514609421586
0.11113580795732383
0
0.8001778172927317
0.02222716159146477
0.02222716159146477
0
0.04445432318292954
0
0.04445432318292954
0.06668148477439431
1.4225383418537452
1.4225383418537452
0.9557679484329852
0.288953100689042
0.02222716159146477
0.13336296954878862
0.13336296954878862
0.02222716159146477
0.02222716159146477
0
0.3556345854634363
0.04445432318292954
0.5334518781951545
0.6001333629695488
0.5334518781951545
0.6001333629695488
0.46677039342076015
0.46677039342076015
0.5556790397866193
0.5556790397866193
0.5556790397866193
0.20004445432318294
0.15559013114025338
0.9113136252500555
0.02222716159146477
0.24449877750611246
0.02222716159146477
0.24449877750611246
0.02222716159146477
0.02222716159146477
0
0
0.13336296954878862
0.13336296954878862
0
0.04445432318292954
0.02222716159146477
0.08890864636585907
0.6001333629695488
0.22227161591464767
0.06668148477439431
0.3334074238719716
0.3334074238719716
0.02222716159146477
0.15559013114025338
0.06668148477439431
0.04445432318292954
0.08890864636585907
0.06668148477439431
0.02222716159146477
0.06668148477439431
0.06668148477439431
0
0.02222716159146477
0
0.04445432318292954
0.04445432318292954
0.11113580795732383
0.17781729273171815
0.15559013114025338
0.08890864636585907
0.11113580795732383
0.08890864636585907
0.08890864636585907
1.355856857079351
0.9335407868415203
0.46677039342076015
0
0
0.46677039342076015
0.4223160702378307
0.46677039342076015
0.20004445432318294
0.46677039342076015
0
0
0.20004445432318294
0.4889975550122249
0.15559013114025338
0
0.6223605245610135
0.6223605245610135
0.5334518781951545
0
0
0.3334074238719716
0.17781729273171815
0
0.26672593909757725
0.038789759503491075
0.038789759503491075
0.11636927851047324
0.038789759503491075
0.038789759503491075
4.072924747866563
0.9309542280837859
0.9697439875872769
0.9697439875872769
0
0
0.3103180760279286
0.1939487975174554
0
0.038789759503491075
0.038789759503491075
0.27152831652443754
0.3103180760279286
0.1551590380139643
0.9697439875872769
2.133436772692009
0.1551590380139643
0.038789759503491075
0.038789759503491075
1.3576415826221877
0.5430566330488751
0.42668735453840184
0.42668735453840184
0.038789759503491075
0.1551590380139643
0.1551590380139643
0.6594259115593484
0
0.038789759503491075
1.5128006206361522
1.5128006206361522
1.5128006206361522
0.46547711404189296
0.11636927851047324
0.11636927851047324
0.3878975950349108
0.1551590380139643
0.1551590380139643
2.6377036462373935
2.6377036462373935
1.5515903801396431
0.27152831652443754
0.5818463925523661
0.42668735453840184
0.07757951900698215
0.07757951900698215
0.07757951900698215
0.3878975950349108
0.07757951900698215
0.038789759503491075
0.9309542280837859
0.038789759503491075
0.1551590380139643
0.1551590380139643
1.1249030256012413
1.1249030256012413
0.038789759503491075
0.23273855702094648
1.474010861132661
0.07757951900698215
0.1551590380139643
1.7455391776570985
3.8789759503491075
0.27152831652443754
3.335919317300233
0.038789759503491075
2.1722265321955003
2.1722265321955003
0.038789759503491075
3.180760279286268
0.11636927851047324
2.288595810705974
2.094647013188518
2.094647013188518
0.038789759503491075
0.3103180760279286
0.42668735453840184
1.4352211016291698
0.6206361520558572
0.07757951900698215
0.7370054305663305
2.017067494181536
0.46547711404189296
1.2412723041117144
0.23273855702094648
0.23273855702094648
0.504266873545384
0.9309542280837859
0.1551590380139643
0.23273855702094648
0.504266873545384
0.504266873545384
0.504266873545384
0.3491078355314197
1.3576415826221877
0.3103180760279286
0.23273855702094648
0.8533747090768037
1.8231186966640807
1.8231186966640807
0.6982156710628394
2.3661753297129557
0
0.11636927851047324
0.06596306068601583
0.032981530343007916
1.220316622691293
1.220316622691293
0.032981530343007916
1.7810026385224276
0.758575197889182
0.758575197889182
0.9234828496042217
0.9234828496042217
0.9564643799472295
0.8905013192612138
0.8575197889182058
0.9564643799472295
0.9234828496042217
2.704485488126649
0.16490765171503957
0.16490765171503957
0.09894459102902375
0.1978891820580475
0.49472295514511877
0.395778364116095
0.2968337730870712
0.1978891820580475
0.13192612137203166
0.2638522427440633
0.2638522427440633
2.1437994722955147
0.6596306068601583
0.8575197889182058
0.09894459102902375
0.09894459102902375
0.23087071240105542
0.5606860158311345
0.5277044854881267
0.5277044854881267
0.49472295514511877
0.13192612137203166
0.032981530343007916
0.032981530343007916
0.032981530343007916
2.2097625329815305
0
0.16490765171503957
0.16490765171503957
0.06596306068601583
0.06596306068601583
0.06596306068601583
0.16490765171503957
0.16490765171503957
0.032981530343007916
0.16490765171503957
0.06596306068601583
0.06596306068601583
0
0.2638522427440633
1.3522427440633245
1.3522427440633245
1.3522427440633245
0.4287598944591029
0.06596306068601583
0.06596306068601583
0.09894459102902375
0.06596306068601583
0.09894459102902375
0
0
0
0
0
0
0
0
0
0
0
0.23087071240105542
0.06596306068601583
0.1978891820580475
0.09894459102902375
0.1978891820580475
1.2862796833773087
0.13192612137203166
0.7255936675461742
0
0
0.2638522427440633
0.2638522427440633
1.0554089709762533
0.6596306068601583
0.6596306068601583
0.6596306068601583
0.5606860158311345
0.5606860158311345
0.5606860158311345
0.5936675461741424
0
0
0.06596306068601583
0.06596306068601583
0.1978891820580475
1.0224274406332454
0.06596306068601583
0
0.23087071240105542
0.032981530343007916
2.4736147757255935
0.13192612137203166
0.09894459102902375
0.06596306068601583
0.06596306068601583
6.464379947229551
0.13192612137203166
0.06596306068601583
0.13192612137203166
0.2638522427440633
0.8575197889182058
0
0.2638522427440633
0.2638522427440633
0.4287598944591029
0.5936675461741424
0.5936675461741424
0
0
1.073345259391771
0.4770423375074538
0.6261180679785331
0.35778175313059035
0.35778175313059035
0
0.2385211687537269
1.8187239117471676
1.6994633273703041
0.9540846750149076
0.9540846750149076
0.26833631484794274
0.26833631484794274
1.3714967203339297
0.3875968992248062
1.3714967203339297
0.3875968992248062
0.5068574836016696
0
0.2385211687537269
0.7453786523553966
0.1490757304710793
0.5963029218843172
0.20870602265951102
5.963029218843173
5.963029218843173
0.4770423375074538
0.4770423375074538
0.4770423375074538
0.17889087656529518
0.11926058437686345
0.11926058437686345
0.05963029218843172
0.08944543828264759
0.08944543828264759
0.02981514609421586
0.02981514609421586
0.7453786523553966
0.02981514609421586
0.05963029218843172
0.05963029218843172
0.02981514609421586
0
0.02981514609421586
0
0.02981514609421586
0.05963029218843172
0
0.3875968992248062
0.3875968992248062
0
0
0.11926058437686345
0.05963029218843172
0.11926058437686345
0.17889087656529518
0.9540846750149076
1.282051282051282
1.282051282051282
0.20870602265951102
0.2981514609421586
0.05963029218843172
0.05963029218843172
0.05963029218843172
0.2981514609421586
0.2981514609421586
0.17889087656529518
0.17889087656529518
0.1490757304710793
0.8050089445438283
2.6833631484794274
0.26833631484794274
0.05963029218843172
0.02981514609421586
0
0.05963029218843172
0
0
0.8348240906380441
0
0.5068574836016696
0
0.02981514609421586
0.4472271914132379
1.9677996422182469
1.9677996422182469
0.02981514609421586
4.203935599284437
0.02981514609421586
0
0.6261180679785331
0.6261180679785331
0.08944543828264759
1.0137149672033392
1.0137149672033392
1.0137149672033392
0.1490757304710793
0
0.05963029218843172
0.05963029218843172
0
0
0
0
0
0.2385211687537269
0.5366726296958855
0.6261180679785331
0.20870602265951102
0
0.20870602265951102
0.1490757304710793
0
0.08944543828264759
0
0.02981514609421586
0.02981514609421586
0.02981514609421586
0.02981514609421586
0.2981514609421586
0
0
0
0
0.1490757304710793
0.11926058437686345
0.11926058437686345
0.5366726296958855
0
0.02981514609421586
0.05963029218843172
0.02981514609421586
0.02981514609421586
0.02981514609421586
0.02981514609421586
0.02981514609421586
0.02981514609421586
