normalized
1.6225827961769281
1.6225827961769281
5.22338297399422
5.22338297399422
5.22338297399422
1.6225827961769281
5.22338297399422
3.645254501000222
0
0
0
3.645254501000222
6.223605245610136
6.223605245610136
6.223605245610136
6.223605245610136
31.40697932873972
32.89619915536786
0
0
32.851744832184934
5.067792842853967
3.8008446321404756
3.8008446321404756
5.8679706601467
5.8679706601467
40.2533896421427
34.65214492109357
3.022893976439209
32.38497443876417
32.38497443876417
32.38497443876417
34.54100911313625
34.54100911313625
34.54100911313625
8.157368304067571
8.157368304067571
8.157368304067571
8.157368304067571
8.157368304067571
8.157368304067571
8.157368304067571
0
0
0
6.934874416537008
31.784841075794624
31.784841075794624
2.800622360524561
2.578350744609913
33.940875750166704
4.80106690375639
0
40.008890864636584
40.008890864636584
40.008890864636584
40.008890864636584
40.008890864636584
0
40.008890864636584
0
0
40.008890864636584
0
40.008890864636584
31.695932429428765
0
31.695932429428765
31.251389197599465
2.5338964214269835
31.206934874416536
2.489442098244054
11.313625250055567
9.757723938653035
3.2451655923538563
11.313625250055567
11.313625250055567
6.112469437652812
2.444987775061125
4.512113803067348
4.512113803067348
33.58524116470327
4.512113803067348
4.512113803067348
1.466992665036675
0.20004445432318294
6.823738608579684
11.113580795732386
11.113580795732386
11.113580795732386
11.113580795732386
11.113580795732386
3.489664369859969
30.228939764392088
2.6450322293843076
10.869082018226273
38.697488330740164
4.578795287841743
33.22960657923983
33.22960657923983
4.467659479884419
4.467659479884419
6.823738608579684
10.602356079128695
3.4452100466770395
3.4452100466770395
1.8004000889086464
6.379195376750389
6.379195376750389
7.246054678817515
0
6.179150922427206
0
32.29606579239831
2.978439653256279
6.134696599244276
6.134696599244276
0
0
10.491220271171372
0
29.739942209379862
0
0
0.5334518781951545
0
15.670148921982662
10.757946210268948
10.757946210268948
10.757946210268948
1.7781729273171814
27.561680373416316
27.472771727050453
0
15.536785952433874
15.536785952433874
15.536785952433874
1.44476550344521
1.6225827961769281
10.535674594354301
10.535674594354301
6.579239831073572
6.579239831073572
10.535674594354301
10.535674594354301
10.535674594354301
31.784841075794624
0
31.784841075794624
31.784841075794624
5.801289175372305
5.801289175372305
8.339798293250581
8.339798293250581
53.723816912335145
21.56710628394104
1.008533747090768
0
0.8533747090768037
0.3878975950349108
16.87354538401862
16.87354538401862
46.12102404965089
46.12102404965089
0.8145849495733126
0.8145849495733126
0.8145849495733126
0.8145849495733126
0.8145849495733126
20.83010085337471
20.83010085337471
37.04422032583398
20.83010085337471
0
0
28.08378588052754
0.07757951900698215
28.08378588052754
0.5430566330488751
0.46547711404189296
0.46547711404189296
0
0
0
0
17.57176105508146
83.28161365399535
17.22265321955004
17.22265321955004
17.22265321955004
17.22265321955004
16.60201706749418
34.406516679596585
34.406516679596585
34.406516679596585
35.6477889837083
0
0
0
0
0
82.54460822342902
82.54460822342902
32.467028704422034
16.29169899146625
32.467028704422034
15.47711404189294
15.47711404189294
15.47711404189294
35.53141970519783
15.47711404189294
35.53141970519783
79.94569433669511
31.65244375484872
15.089216446858028
34.7944142746315
34.7944142746315
14.895267649340575
14.623739332816136
5.740884406516679
30.449961210240495
14.42979053529868
34.057408844065165
33.9022498060512
73.4678044996121
73.4678044996121
26.493405740884405
25.872769588828547
70.75252133436773
69.78277734678045
69.78277734678045
69.78277734678045
6.12878200155159
69.78277734678045
69.78277734678045
4.189294026377036
5.236617532971296
68.50271528316524
24.980605120248253
26.454615981380915
26.454615981380915
26.454615981380915
26.454615981380915
24.980605120248253
26.221877424359967
26.221877424359967
4.499612102404965
4.499612102404965
4.499612102404965
26.221877424359967
16.25290923196276
4.499612102404965
4.499612102404965
20.752521334367728
20.752521334367728
20.48099301784329
20.403413498836308
0.504266873545384
21.761055081458494
42.901474010861136
16.64080682699767
40.69045771916214
39.9922420480993
36.423584173778124
11.055081458494957
36.22963537626067
10.39565554693561
43.79363847944143
40.96198603568658
40.96198603568658
40.4189294026377
7.525213343677269
7.525213343677269
5.546935608999224
5.546935608999224
31.65244375484872
0
65.43832428238944
9.77501939487975
9.77501939487975
9.77501939487975
10.899922420480992
26.066718386346004
26.066718386346004
64.70131885182312
64.70131885182312
64.70131885182312
64.39100077579519
64.39100077579519
63.92552366175329
63.92552366175329
25.756400310318078
6.245151280062063
0
61.481768813033355
25.329712955779677
22.653219550038788
61.05508145849495
5.469356089992242
24.90302560124127
61.05508145849495
59.425911559348336
0
59.425911559348336
27.657098525989138
2.986811481768813
23.11869666408068
24.980605120248253
58.96043444530644
26.532195500387896
58.650116369278514
58.53374709076804
58.45616757176105
0.6596306068601583
1.6160949868073877
1.6160949868073877
1.6160949868073877
0.5936675461741424
1.550131926121372
0.5936675461741424
0.5936675461741424
0.5936675461741424
1.550131926121372
1.550131926121372
1.220316622691293
1.220316622691293
1.220316622691293
1.220316622691293
1.220316622691293
3.8588390501319263
5.8707124010554095
1.4511873350923483
3.034300791556728
5.474934036939314
5.474934036939314
5.474934036939314
4.419525065963061
2.737467018469657
2.737467018469657
4.419525065963061
4.419525065963061
4.320580474934037
53.03430079155673
4.8153034300791555
4.8153034300791555
2.440633245382586
52.70448548812665
52.70448548812665
4.155672823218998
2.1767810026385224
3.6939313984168867
3.6939313984168867
3.6939313984168867
52.407651715039584
52.407651715039584
1.6160949868073877
1.517150395778364
3.067282321899736
0.23087071240105542
0.79155672823219
0.79155672823219
0.79155672823219
2.341688654353562
2.341688654353562
0.79155672823219
2.341688654353562
52.04485488126649
52.04485488126649
51.55013192612137
51.55013192612137
51.55013192612137
1.3852242744063323
1.3852242744063323
1.3852242744063323
1.3852242744063323
1.945910290237467
50.98944591029023
50.98944591029023
50.98944591029023
50.98944591029023
50.98944591029023
50.98944591029023
50.98944591029023
50.98944591029023
50.98944591029023
50.98944591029023
50.98944591029023
1.3852242744063323
1.3852242744063323
1.3852242744063323
13.390501319261213
19.986807387862797
19.986807387862797
12.829815303430077
19.986807387862797
0
1.3852242744063323
1.3852242744063323
19.722955145118735
19.722955145118735
19.722955145118735
19.722955145118735
19.722955145118735
19.722955145118735
19.722955145118735
19.722955145118735
19.722955145118735
19.722955145118735
0.9564643799472295
0.9564643799472295
0.9564643799472295
18.799472295514512
18.799472295514512
18.799472295514512
0.9564643799472295
0.9564643799472295
0.9564643799472295
0.9564643799472295
0.9564643799472295
8.113456464379947
8.113456464379947
0
0
0
0
0
18.40369393139842
0.6926121372031662
0.6266490765171504
3.0013192612137205
17.777044854881265
17.777044854881265
48.84564643799472
48.84564643799472
48.84564643799472
16.78759894459103
16.78759894459103
3.067282321899736
0.2968337730870712
16.094986807387862
3.8588390501319263
44.9868073878628
3.8588390501319263
16.094986807387862
16.094986807387862
16.094986807387862
2.5395778364116097
7.717678100263853
1.1873350923482848
9.861477572559368
16.094986807387862
9.597625329815303
66.19393139841688
3.7598944591029024
7.058047493403693
64.64379947229551
6.596306068601583
6.596306068601583
4.353562005277045
5.969656992084433
5.969656992084433
0.9234828496042217
0.9234828496042217
0.9234828496042217
0.9234828496042217
2.8693931398416885
2.8693931398416885
2.8693931398416885
0
0
0
0
0
0
0
0
0
0
0
1.8187239117471676
32.7072152653548
38.491353607632675
38.34227787716159
38.34227787716159
2.9815146094215863
37.924865831842574
37.924865831842574
32.259988073941564
32.259988073941564
32.259988073941564
32.259988073941564
37.626714370900416
37.626714370900416
37.626714370900416
37.626714370900416
17.79964221824687
17.79964221824687
31.604054859868814
31.604054859868814
31.604054859868814
31.604054859868814
37.35837805605248
1.7889087656529516
1.7889087656529516
1.2522361359570662
40.757304710793086
31.305903398926656
36.82170542635659
36.73225998807394
17.59093619558736
17.59093619558736
108.94454382826476
108.94454382826476
108.94454382826476
35.5396541443053
16.398330351818725
1.0435301132975552
1.0435301132975552
29.904591532498507
29.904591532498507
16.33870005963029
29.904591532498507
16.33870005963029
0.8348240906380441
0
28.533094812164578
28.533094812164578
32.46869409660108
32.46869409660108
32.46869409660108
32.46869409660108
32.46869409660108
24.20989862850328
24.20989862850328
30.799045915324985
24.12045319022063
0
24.12045319022063
24.12045319022063
0.5664877757901015
0.5664877757901015
0.1490757304710793
9.988073941562314
9.988073941562314
0
23.792486583184257
23.792486583184257
0
23.732856290995826
23.55396541443053
0
0
0
0
0
0
0
8.94454382826476
8.94454382826476
4.561717352415027
4.561717352415027
0
1.3714967203339297
1.3714967203339297
4.561717352415027
0.9242695289206917
0.9242695289206917
6.41025641025641
6.231365533691116
14.192009540846751
14.192009540846751
14.072748956469885
14.072748956469885
108.67620751341683
0.05963029218843172
5.873583780560525
0
0
0
29.904591532498507
3.9952295766249257
0.655933214072749
0.655933214072749
29.695885509838998
5.635062611806798
12.880143112701253
16.905187835420392
16.905187835420392
29.159212880143116
29.03995229576625
107.42397137745976
5.307096004770424
0
5.038759689922481
4.561717352415027
4.561717352415027
4.114490161001789
25.760286225402506
25.760286225402506
3.9952295766249257
1.8783542039355994
3.9952295766249257
106.64877757901014
0
0
0
0
0
0
4.83005366726297
4.83005366726297
3.10077519379845
1.6225827961769281
0
35.03000666814848
31.40697932873972
32.89619915536786
0
0.13336296954878862
0
4.9122027117137135
4.9122027117137135
32.851744832184934
32.851744832184934
32.851744832184934
3.8008446321404756
3.8008446321404756
32.82951767059347
32.82951767059347
2.4672149366525895
3.6230273394087575
0
5.645699044232052
0.9335407868415203
34.54100911313625
40.2533896421427
34.54100911313625
40.2533896421427
32.38497443876417
32.38497443876417
8.157368304067571
8.157368304067571
8.157368304067571
6.156923760835741
6.156923760835741
40.16448099577684
1.6003556345854635
1.5781284729939986
23.04956657034897
1.5781284729939986
2.578350744609913
6.112469437652812
0
0
40.008890864636584
40.008890864636584
0
31.695932429428765
31.695932429428765
31.695932429428765
31.695932429428765
31.695932429428765
11.313625250055567
33.58524116470327
33.58524116470327
11.202489442098244
2.222716159146477
11.113580795732386
10.980217826183598
10.935763503000667
10.891309179817737
2.711713714158702
2.1782618359635473
2.1782618359635473
0
2.1782618359635473
0
2.6450322293843076
2.000444543231829
1.4003111802622805
4.578795287841743
4.467659479884419
6.5570126694821065
5.8679706601467
6.379195376750389
6.379195376750389
32.94065347855079
38.31962658368526
6.29028673038453
0
0
2.93398533007335
10.491220271171372
2.93398533007335
2.93398533007335
2.93398533007335
0
0
10.491220271171372
29.739942209379862
2.4672149366525895
0
24.04978884196488
24.04978884196488
24.04978884196488
0
0
15.536785952433874
4.445432318292954
0
5.8235163369637695
24.7866563227308
21.683475562451513
1.1249030256012413
0.8921644685802949
1.1249030256012413
92.35841737781226
37.62606671838635
21.56710628394104
21.56710628394104
0
0
0.8533747090768037
0.8533747090768037
0
37.50969743987587
37.50969743987587
37.315748642358415
37.08301008533747
37.04422032583398
37.04422032583398
37.04422032583398
20.83010085337471
20.83010085337471
20.83010085337471
20.83010085337471
37.04422032583398
37.04422032583398
37.04422032583398
37.04422032583398
0.5430566330488751
0.9697439875872769
11.598138091543833
0
1.1636927851047323
36.03568657874321
66.79596586501164
36.03568657874321
5.04266873545384
5.04266873545384
5.04266873545384
83.35919317300234
17.57176105508146
17.57176105508146
35.29868114817688
35.29868114817688
17.22265321955004
34.406516679596585
34.406516679596585
15.47711404189294
79.94569433669511
31.65244375484872
35.182311869666414
34.678044996121024
14.895267649340575
14.895267649340575
30.91543832428239
14.895267649340575
30.449961210240495
14.42979053529868
14.08068269976726
14.08068269976726
78.2389449185415
26.493405740884405
26.493405740884405
28.16136539953452
28.16136539953452
25.756400310318078
70.32583397982933
6.12878200155159
69.78277734678045
4.538401861908456
4.538401861908456
4.538401861908456
24.980605120248253
67.99844840961985
11.365399534522885
26.221877424359967
4.499612102404965
4.499612102404965
0.42668735453840184
20.17067494181536
15.554693560899924
61.016291698991466
13.072148952676493
44.80217222653219
43.79363847944143
40.4189294026377
7.525213343677269
36.46237393328161
5.818463925523662
5.818463925523662
35.57020946470132
28.549262994569435
28.549262994569435
10.899922420480992
64.39100077579519
64.39100077579519
64.39100077579519
32.35065942591156
26.764934057408844
31.225756400310317
63.18851823118696
62.29635376260667
25.91155934833204
25.91155934833204
24.90302560124127
61.05508145849495
0
2.2498060512024827
1.3522427440633245
1.220316622691293
4.584432717678101
4.584432717678101
2.671503957783641
4.980211081794195
52.73746701846965
52.73746701846965
2.440633245382586
2.440633245382586
2.242744063324538
3.6939313984168867
2.1108179419525066
52.407651715039584
52.242744063324544
52.242744063324544
1.4182058047493404
52.04485488126649
2.836411609498681
0.79155672823219
0.79155672823219
3.16622691292876
2.341688654353562
52.04485488126649
52.04485488126649
52.04485488126649
52.04485488126649
52.04485488126649
52.04485488126649
52.04485488126649
51.55013192612137
51.55013192612137
1.8469656992084433
2.671503957783641
51.55013192612137
51.55013192612137
20.778364116094984
1.3852242744063323
1.3852242744063323
1.3852242744063323
50.98944591029023
50.98944591029023
0
50.98944591029023
50.98944591029023
1.945910290237467
1.945910290237467
1.58311345646438
12.829815303430077
12.829815303430077
19.821899736147756
19.821899736147756
12.137203166226913
11.906332453825858
0
11.807387862796833
19.722955145118735
19.722955145118735
19.722955145118735
19.75593667546174
0.9564643799472295
0.9564643799472295
0.9564643799472295
0.9564643799472295
18.40369393139842
0
0
0
0
0
0
0
0
0
0
0
1.154353562005277
1.121372031662269
1.0224274406332454
1.0224274406332454
8.212401055408971
18.238786279683378
1.8469656992084433
18.007915567282325
0
0
17.348284960422163
17.348284960422163
48.41688654353562
16.78759894459103
16.78759894459103
16.78759894459103
16.78759894459103
16.78759894459103
16.78759894459103
46.668865435356196
0
0
3.6279683377308705
3.6279683377308705
3.6279683377308705
3.6279683377308705
0.5277044854881267
0
16.094986807387862
15.765171503957784
67.5131926121372
1.2532981530343008
1.1873350923482848
9.003957783641162
9.003957783641162
66.65567282321899
5.8377308707124005
65.76517150395779
7.288918205804749
7.288918205804749
65.27044854881267
0
1.517150395778364
1.517150395778364
64.54485488126649
0.9234828496042217
2.8693931398416885
0
0
39.385807990459156
4.442456768038163
39.385807990459156
39.26654740608229
39.26654740608229
0
38.9087656529517
38.491353607632675
38.252832438878954
32.259988073941564
32.259988073941564
1.073345259391771
1.073345259391771
37.626714370900416
37.626714370900416
37.626714370900416
37.626714370900416
40.7871198568873
0
1.073345259391771
31.305903398926656
1.6100178890876566
31.03756708407871
31.03756708407871
108.8252832438879
108.8252832438879
29.904591532498507
29.904591532498507
29.904591532498507
16.33870005963029
28.533094812164578
28.533094812164578
6.618962432915922
6.618962432915922
6.022659511031605
0.5664877757901015
0.5664877757901015
32.46869409660108
24.478234943351225
24.478234943351225
24.358974358974358
1.520572450805009
0
1.5802027429934407
0
30.799045915324985
24.20989862850328
0
30.799045915324985
30.799045915324985
0
0
30.56052474657126
23.792486583184257
30.56052474657126
2.9815146094215863
30.41144901610018
30.381633870005963
30.381633870005963
8.94454382826476
4.561717352415027
4.561717352415027
4.561717352415027
1.3714967203339297
1.3714967203339297
4.561717352415027
0.9242695289206917
0.9242695289206917
8.765652951699463
22.868217054263564
108.67620751341683
5.873583780560525
9.332140727489564
3.9952295766249257
0
5.69469290399523
0
0
13.804412641621944
0
108.28861061419201
0
13.804412641621944
21.97376267143709
13.804412641621944
13.804412641621944
29.695885509838998
108.13953488372093
3.8163387000596303
0
29.03995229576625
29.03995229576625
29.03995229576625
29.03995229576625
29.03995229576625
29.03995229576625
20.989862850327967
0
5.307096004770424
5.307096004770424
0
0
0
0
0
107.18545020870603
4.919499105545618
5.307096004770424
39.803220035778175
0
39.803220035778175
26.267143709004177
0
26.267143709004177
0
3.8461538461538463
13.357185450208705
13.357185450208705
13.357185450208705
4.591532498509243
0
0
0
0
3.5480023852116878
4.83005366726297
4.83005366726297
4.83005366726297
0
3.10077519379845
3.10077519379845
3.10077519379845
3.10077519379845
3.10077519379845
3.10077519379845
3.10077519379845
3.10077519379845
