normalized
155.56047960213704
155.4989290198685
155.4989290198685
155.49400497328705
155.49400497328705
155.34135952926113
155.34135952926113
155.32904941280745
155.32412536622599
155.27488490041114
155.27488490041114
165.04173129477803
165.04173129477803
155.6786567200926
155.6786567200926
155.6786567200926
155.20594824827043
155.20594824827043
155.20594824827043
155.20594824827043
155.16655587561857
155.16655587561857
155.16655587561857
155.08777113031488
155.08777113031488
155.08777113031488
155.08777113031488
155.08777113031488
155.08777113031488
155.08777113031488
155.08777113031488
155.08777113031488
155.08777113031488
155.08777113031488
155.08777113031488
155.08777113031488
155.08777113031488
155.08777113031488
155.08530910702416
155.08530910702416
155.08530910702416
155.02375852475566
155.01144840830193
154.96466996577786
154.96466996577786
154.96466996577786
154.96466996577786
154.96466996577786
154.96466996577786
154.96466996577786
164.67735184774847
164.67735184774847
164.67735184774847
154.90311938350936
164.67735184774847
164.67735184774847
154.90065736021862
154.8809611738927
154.8809611738927
154.86126498756678
154.86126498756678
452.6599845797995
447.4942174248265
447.10871241326134
447.10871241326134
443.7162683114881
443.7162683114881
443.7162683114881
443.7162683114881
443.7162683114881
443.7162683114881
443.7162683114881
443.7162683114881
443.7162683114881
443.7162683114881
443.7162683114881
443.7162683114881
443.7162683114881
443.7162683114881
443.7162683114881
443.7162683114881
443.7162683114881
443.7162683114881
443.7162683114881
443.562066306862
443.562066306862
443.1765612952969
443.1765612952969
443.0994602929838
442.2513492675405
442.17424826522745
442.17424826522745
441.40323824209713
441.40323824209713
441.40323824209713
440.24672320740166
440.24672320740166
440.24672320740166
440.24672320740166
440.1696222050886
439.4757131842714
439.4757131842714
438.85890516576717
438.85890516576717
435.6206630686199
435.15805705474173
435.15805705474173
0
433.307632999229
432.0740169622205
432.0740169622205
433.4618350038551
433.4618350038551
431.38010794140325
431.38010794140325
431.38010794140325
431.38010794140325
431.38010794140325
431.38010794140325
431.38010794140325
432.30531996915965
432.30531996915965
432.30531996915965
432.30531996915965
432.30531996915965
432.30531996915965
430.686198920586
430.3777949113338
427.29375481881266
427.29375481881266
423.36160370084815
423.36160370084815
423.36160370084815
423.36160370084815
423.36160370084815
423.36160370084815
0
0
385.5050115651503
385.5050115651503
385.5050115651503
385.4279105628373
385.4279105628373
385.4279105628373
385.4279105628373
0
376.869699306091
374.17116422513493
373.70855821125673
373.55435620663064
373.55435620663064
373.55435620663064
369.4680030840401
368.6969930609098
368.6969930609098
368.3885890516577
367.77178103315345
367.77178103315345
367.5404780262143
367.5404780262143
367.5404780262143
367.5404780262143
367.5404780262143
367.0778720123362
367.0778720123362
365.4587509637625
364.07093292212795
353.1996915959907
353.1996915959907
352.6599845797995
351.65767154973014
351.65767154973014
351.65767154973014
351.65767154973014
351.65767154973014
351.65767154973014
351.65767154973014
351.65767154973014
350.1927525057826
403.8401861908456
403.7626066718387
410.86113266097755
403.7626066718387
403.7626066718387
410.86113266097755
399.80605120248254
399.80605120248254
399.80605120248254
399.80605120248254
399.80605120248254
399.80605120248254
399.80605120248254
399.80605120248254
399.72847168347556
399.5733126454616
399.5733126454616
399.5733126454616
399.5733126454616
399.5733126454616
399.5345228859581
399.5345228859581
409.07680372381685
0
399.5345228859581
399.5345228859581
396.31497284716835
396.31497284716835
396.31497284716835
395.84949573312645
395.655546935609
395.655546935609
395.655546935609
395.655546935609
395.655546935609
391.07835531419704
391.00077579519007
391.00077579519007
390.88440651667963
390.9619860356866
390.65166795965865
390.65166795965865
384.98836307214896
384.56167571761057
384.2513576415826
378.62684251357643
373.3514352211016
369.3948797517455
365.5159038013964
365.47711404189295
361.9084561675717
360.58960434445305
354.7711404189294
0
354.7711404189294
354.7711404189294
352.133436772692
363.61520558572533
352.133436772692
363.4988363072149
0
351.97827773467804
348.8750969743988
348.8750969743988
348.7199379363848
348.60356865787435
348.60356865787435
348.60356865787435
348.56477889837083
348.56477889837083
348.56477889837083
437.16058960434447
348.56477889837083
1365.8666666666668
1364.9777777777779
1364.9777777777779
1385.3333333333333
1363.2
1363.2
1362.4888888888888
1362.4888888888888
0
1360.2666666666667
1360.2666666666667
1359.911111111111
1359.8222222222223
1359.8222222222223
1359.7333333333333
1359.7333333333333
1359.7333333333333
1359.7333333333333
1359.111111111111
1359.111111111111
1375.111111111111
1358.1333333333332
1358.0444444444445
1356.1777777777777
1355.5555555555554
1355.5555555555554
1355.5555555555554
1355.5555555555554
1355.5555555555554
1355.5555555555554
1355.5555555555554
1355.5555555555554
1355.5555555555554
1355.5555555555554
1355.288888888889
1355.288888888889
1355.0222222222224
1355.0222222222224
1355.0222222222224
1354.7555555555557
1354.5777777777778
1354.5777777777778
1354.5777777777778
1354.5777777777778
1354.5777777777778
1354.5777777777778
1354.5777777777778
1354.3111111111111
1353.8666666666666
1353.8666666666666
1353.6
1353.3333333333333
1353.3333333333333
1353.3333333333333
1353.3333333333333
0
1352.5333333333333
1352.5333333333333
1352.5333333333333
1352.5333333333333
1352.5333333333333
0
1352.5333333333333
1352.177777777778
1324.088888888889
1324.088888888889
1324.088888888889
1324.088888888889
1431.911111111111
0
1320.4444444444443
1320.4444444444443
1310.0444444444445
1310.0444444444445
0
1308.6222222222223
1308.6222222222223
1414.7555555555555
1414.7555555555555
1414.7555555555555
1307.0222222222221
1414.7555555555555
1306.7555555555555
1306.7555555555555
1305.8666666666668
1305.7777777777778
1305.7777777777778
1305.7777777777778
1305.7777777777778
1305.7777777777778
1305.7777777777778
1305.4222222222222
1305.4222222222222
1305.4222222222222
1305.4222222222222
1305.4222222222222
1305.4222222222222
1305.4222222222222
1305.3333333333333
1305.3333333333333
1305.1555555555556
1305.1555555555556
1305.1555555555556
1412.711111111111
1305.1555555555556
1305.1555555555556
1423.911111111111
1423.911111111111
1301.8666666666666
1301.8666666666666
1301.8666666666666
1301.3333333333333
1301.3333333333333
1301.3333333333333
1738.152610441767
1734.5381526104418
1734.5381526104418
1733.7349397590363
1733.7349397590363
1704.8192771084339
1712.0481927710846
1706.4257028112452
1706.4257028112452
1695.5823293172691
1693.5742971887548
1693.5742971887548
1693.5742971887548
1693.5742971887548
1683.5341365461848
1683.5341365461848
1683.5341365461848
1683.5341365461848
1681.526104417671
1681.526104417671
1681.526104417671
1681.526104417671
1681.526104417671
1681.526104417671
1681.526104417671
1681.526104417671
1681.526104417671
1681.526104417671
1681.526104417671
1681.526104417671
1681.526104417671
1681.526104417671
1671.0843373493976
1671.0843373493976
1671.0843373493976
1668.6746987951806
1668.6746987951806
1668.6746987951806
1665.4618473895582
1662.2489959839356
1658.2329317269075
1657.4297188755017
1656.2248995983937
1656.2248995983937
1656.2248995983937
1656.2248995983937
1656.2248995983937
1656.2248995983937
1648.5943775100402
1648.5943775100402
1648.5943775100402
1644.9799196787146
1644.9799196787146
1644.9799196787146
1644.9799196787146
1644.9799196787146
1644.9799196787146
1275.5020080321285
1275.5020080321285
1604.8192771084339
1597.5903614457832
1271.8875502008032
1598.7951807228915
0
1595.5823293172691
1481.124497991968
1471.4859437751004
1465.4618473895582
1465.4618473895582
1465.4618473895582
1532.9317269076305
1532.9317269076305
1532.9317269076305
1532.9317269076305
1532.9317269076305
1532.9317269076305
1255.421686746988
1255.421686746988
0
1444.9799196787149
1251.004016064257
1551.004016064257
1551.004016064257
1551.004016064257
1551.004016064257
1467.0682730923695
1505.6224899598394
1425.301204819277
1417.269076305221
1491.9678714859438
1491.9678714859438
1491.9678714859438
1491.9678714859438
1491.9678714859438
1491.9678714859438
1491.9678714859438
1491.9678714859438
1491.9678714859438
1491.9678714859438
1491.9678714859438
1491.9678714859438
1491.9678714859438
1491.9678714859438
1373.8955823293172
1373.8955823293172
1373.8955823293172
1193.5742971887548
1193.5742971887548
1193.5742971887548
1362.2489959839359
1319.277108433735
1150.602409638554
1379.1164658634536
1358.6345381526105
1306.0240963855422
1184.3373493975903
1350.2008032128513
1181.124497991968
1394.3775100401606
1394.3775100401606
1352.6104417670683
1351.4056224899598
1380.722891566265
0
1378.3132530120483
1376.706827309237
1376.706827309237
1274.2971887550202
1367.0682730923695
1153.012048192771
1260.2409638554218
0
1150.2008032128513
1150.2008032128513
1171.4859437751004
1319.6787148594378
1240.1606425702812
1327.710843373494
0
1165.4618473895582
1165.4618473895582
1165.4618473895582
1321.6867469879517
1321.6867469879517
1321.6867469879517
1321.6867469879517
1316.867469879518
110.13513513513513
105.5984555984556
104.82625482625483
104.82625482625483
104.63320463320463
104.63320463320463
104.63320463320463
104.63320463320463
104.63320463320463
104.63320463320463
68.62934362934364
100.0
100.0
99.7104247104247
99.7104247104247
97.77992277992279
97.77992277992279
66.31274131274131
66.31274131274131
96.13899613899613
96.13899613899613
96.13899613899613
64.38223938223938
64.38223938223938
94.98069498069498
94.01544401544402
94.01544401544402
92.37451737451737
92.37451737451737
92.37451737451737
92.37451737451737
92.37451737451737
92.37451737451737
92.37451737451737
92.37451737451737
62.06563706563707
62.06563706563707
89.0926640926641
89.0926640926641
89.0926640926641
89.0926640926641
89.0926640926641
89.0926640926641
89.0926640926641
89.0926640926641
62.06563706563707
62.06563706563707
62.06563706563707
62.06563706563707
62.06563706563707
87.54826254826254
87.54826254826254
87.54826254826254
87.54826254826254
87.54826254826254
86.2934362934363
86.2934362934363
86.2934362934363
86.2934362934363
86.2934362934363
86.2934362934363
86.2934362934363
86.2934362934363
86.2934362934363
86.2934362934363
86.2934362934363
84.65250965250965
84.65250965250965
82.43243243243244
82.43243243243244
82.43243243243244
82.43243243243244
80.8880308880309
80.8880308880309
80.8880308880309
80.8880308880309
80.8880308880309
80.8880308880309
80.8880308880309
80.8880308880309
80.11583011583011
80.11583011583011
57.91505791505791
57.91505791505791
57.91505791505791
57.91505791505791
79.44015444015444
79.44015444015444
79.34362934362935
57.91505791505791
57.91505791505791
79.24710424710425
57.91505791505791
57.91505791505791
57.91505791505791
57.91505791505791
57.91505791505791
78.18532818532819
76.15830115830116
76.15830115830116
57.14285714285714
57.14285714285714
57.14285714285714
57.14285714285714
57.14285714285714
74.8069498069498
74.8069498069498
74.8069498069498
74.8069498069498
74.8069498069498
74.8069498069498
54.826254826254825
54.34362934362934
54.24710424710425
71.33204633204633
71.33204633204633
71.33204633204633
70.75289575289575
70.75289575289575
70.75289575289575
70.75289575289575
70.75289575289575
70.75289575289575
70.75289575289575
70.75289575289575
70.75289575289575
70.75289575289575
70.75289575289575
70.75289575289575
70.75289575289575
70.75289575289575
70.75289575289575
53.28185328185329
53.28185328185329
53.28185328185329
52.702702702702695
66.11969111969111
66.11969111969111
66.11969111969111
66.11969111969111
66.11969111969111
51.930501930501926
66.11969111969111
51.930501930501926
51.930501930501926
51.35135135135135
51.254826254826256
63.41698841698842
63.41698841698842
50.77220077220077
62.74131274131274
62.74131274131274
62.74131274131274
62.74131274131274
62.74131274131274
62.74131274131274
62.74131274131274
62.74131274131274
62.35521235521235
62.35521235521235
62.35521235521235
62.35521235521235
62.35521235521235
155.49400497328705
155.32904941280745
155.32904941280745
155.32412536622599
155.27488490041114
155.27488490041114
165.04173129477803
155.70820099958144
155.70820099958144
155.2157963414334
155.6786567200926
155.20594824827043
155.16655587561857
155.16655587561857
155.16655587561857
155.14193564271116
155.08777113031488
155.08777113031488
155.08777113031488
155.08777113031488
155.08777113031488
155.08777113031488
155.08530910702416
155.07546101386117
155.07546101386117
155.07546101386117
155.07546101386117
155.07546101386117
154.96466996577786
154.96466996577786
154.96466996577786
154.96466996577786
154.96466996577786
154.90311938350936
154.90065736021862
154.90065736021862
154.90065736021862
154.90065736021862
154.90065736021862
154.90065736021862
154.8809611738927
154.8809611738927
447.10871241326134
447.10871241326134
447.57131842713954
447.57131842713954
447.57131842713954
447.10871241326134
0
0
443.562066306862
0
443.562066306862
0
0
0
440.24672320740166
440.24672320740166
438.85890516576717
438.85890516576717
438.85890516576717
438.85890516576717
0
435.15805705474173
0
0
0
0
431.38010794140325
431.38010794140325
432.30531996915965
0
0
0
423.36160370084815
0
0
0
0
385.4279105628373
0
371.01002313030074
0
0
364.07093292212795
0
0
0
0
0
0
351.65767154973014
0
0
0
0
0
399.80605120248254
0
399.80605120248254
399.80605120248254
403.9565554693561
399.72847168347556
0
399.72847168347556
0
399.5733126454616
399.5733126454616
399.5733126454616
399.5733126454616
399.5345228859581
409.07680372381685
409.07680372381685
399.5345228859581
399.5345228859581
399.5345228859581
396.0434445306439
396.0434445306439
395.655546935609
395.655546935609
0
392.3972071373158
391.07835531419704
391.07835531419704
390.65166795965865
390.65166795965865
395.38401861908454
0
0
384.2513576415826
384.2513576415826
384.2513576415826
373.3514352211016
369.356089992242
370.0543056633049
370.0543056633049
0
0
364.2746314972847
358.99922420480993
0
358.99922420480993
358.99922420480993
0
354.7711404189294
0
352.133436772692
352.133436772692
0
352.133436772692
363.4988363072149
363.4988363072149
352.133436772692
363.4988363072149
352.133436772692
352.133436772692
352.133436772692
351.97827773467804
0
348.7199379363848
348.7199379363848
437.16058960434447
437.16058960434447
0
1473.4222222222222
1363.2
1363.2
1363.2
1360.2666666666667
0
1359.911111111111
0
1359.911111111111
1359.911111111111
1359.911111111111
0
1359.111111111111
1359.111111111111
1359.111111111111
1359.111111111111
1359.111111111111
1359.111111111111
1359.111111111111
1359.111111111111
1358.8444444444444
1375.111111111111
1375.111111111111
1467.0222222222221
1355.5555555555554
0
1355.5555555555554
1355.5555555555554
0
1355.0222222222224
1355.0222222222224
1355.0222222222224
1355.0222222222224
1355.0222222222224
1354.5777777777778
1354.5777777777778
1354.5777777777778
1354.5777777777778
1354.3111111111111
1354.1333333333334
1353.6
1353.3333333333333
1353.1555555555556
1353.1555555555556
1353.1555555555556
1461.6
1352.5333333333333
1352.5333333333333
1352.5333333333333
1352.5333333333333
1352.5333333333333
1352.5333333333333
1352.5333333333333
1352.5333333333333
1352.5333333333333
1352.177777777778
1352.177777777778
0
1324.088888888889
1324.088888888889
1324.088888888889
1324.088888888889
1324.088888888889
1431.911111111111
1323.911111111111
1323.5555555555554
1323.5555555555554
1323.5555555555554
1323.5555555555554
0
1320.4444444444443
1320.4444444444443
1320.4444444444443
1321.4222222222222
1320.4444444444443
1320.4444444444443
1310.0444444444445
1310.0444444444445
1310.0444444444445
1308.6222222222223
1308.6222222222223
1308.6222222222223
1307.111111111111
1306.7555555555555
1306.7555555555555
1306.7555555555555
1306.7555555555555
1306.7555555555555
1305.4222222222222
1305.4222222222222
0
1305.4222222222222
1305.4222222222222
1305.3333333333333
0
0
1423.911111111111
1423.911111111111
1301.8666666666666
1301.8666666666666
1301.8666666666666
1301.8666666666666
1301.3333333333333
1738.152610441767
1734.5381526104418
1733.7349397590363
1733.7349397590363
1704.8192771084339
1706.4257028112452
1683.5341365461848
1681.526104417671
1681.526104417671
1681.526104417671
1681.526104417671
1681.526104417671
1681.526104417671
1681.526104417671
0
1656.2248995983937
1275.5020080321285
1275.5020080321285
0
1583.9357429718875
1583.9357429718875
1583.9357429718875
1255.421686746988
1255.421686746988
0
0
1261.847389558233
1551.004016064257
1551.004016064257
1551.004016064257
1551.004016064257
1536.9477911646586
1536.9477911646586
0
1491.9678714859438
1373.8955823293172
1193.5742971887548
1193.5742971887548
1431.7269076305222
1319.277108433735
1146.1847389558234
1295.9839357429719
1356.6265060240964
1349.397590361446
1136.5461847389558
0
0
0
0
1270.2811244979919
1368.2730923694778
1262.6506024096386
1262.6506024096386
1262.6506024096386
0
1338.55421686747
1252.6104417670683
0
1150.2008032128513
1150.2008032128513
1171.4859437751004
1150.2008032128513
1171.4859437751004
0
1248.1927710843374
110.13513513513513
110.13513513513513
0
70.65637065637065
104.82625482625483
104.63320463320463
104.63320463320463
104.63320463320463
104.63320463320463
68.72586872586872
67.56756756756756
99.7104247104247
99.7104247104247
97.77992277992279
66.31274131274131
66.31274131274131
97.58687258687259
97.58687258687259
64.38223938223938
64.38223938223938
64.38223938223938
64.38223938223938
64.38223938223938
94.98069498069498
92.37451737451737
62.06563706563707
62.06563706563707
62.06563706563707
62.06563706563707
87.54826254826254
86.2934362934363
0
86.2934362934363
86.2934362934363
86.2934362934363
61.67953667953668
60.424710424710426
82.43243243243244
0
80.11583011583011
80.11583011583011
80.11583011583011
80.11583011583011
79.44015444015444
57.91505791505791
79.44015444015444
0
0
79.34362934362935
79.34362934362935
79.34362934362935
79.34362934362935
79.34362934362935
79.24710424710425
79.24710424710425
79.24710424710425
79.24710424710425
79.24710424710425
79.15057915057915
79.15057915057915
57.91505791505791
78.18532818532819
76.15830115830116
76.15830115830116
74.8069498069498
0
54.826254826254825
54.826254826254825
71.33204633204633
70.75289575289575
70.75289575289575
70.75289575289575
70.75289575289575
53.47490347490348
70.75289575289575
53.28185328185329
0
67.56756756756756
67.56756756756756
66.11969111969111
51.930501930501926
64.28571428571429
63.41698841698842
62.74131274131274
62.74131274131274
62.35521235521235
62.35521235521235
62.35521235521235
62.35521235521235
62.35521235521235
