normalized
0.014772139744441982
0.08617081517591156
0.08617081517591156
0.05170248910554694
0.08617081517591156
0.044316419233325945
0.034468326070364624
0.11817711795553586
0.14033532757219885
0.004924046581480661
0.027082256198143636
0.022158209616662972
0.022158209616662972
0.029544279488883964
0.029544279488883964
0.029544279488883964
0
0
0
0
0.0024620232907403305
0.0024620232907403305
0
0
0.019696186325922644
0
0
0
0
0
0
0
0
0
0
0
0
0
0
0
0.004924046581480661
0
0
0.019696186325922644
0.019696186325922644
0.019696186325922644
0.019696186325922644
0.019696186325922644
0.019696186325922644
0.019696186325922644
0.07632272201295025
0.07632272201295025
0
0.0024620232907403305
0.0024620232907403305
0.07632272201295025
0.0024620232907403305
0.017234163035182312
0
0
0.009848093162961322
1.4649190439475714
1.5420200462606015
1.002313030069391
1.002313030069391
1.0794140323824208
1.0794140323824208
1.0794140323824208
0
1.0794140323824208
1.0794140323824208
1.0794140323824208
1.0794140323824208
1.0794140323824208
1.0794140323824208
1.0794140323824208
1.0794140323824208
1.0794140323824208
0
1.0794140323824208
0
0
0
0
0
0
13.878180416345412
13.878180416345412
13.878180416345412
0.15420200462606012
1.233616037008481
1.233616037008481
1.5420200462606015
1.5420200462606015
1.5420200462606015
15.882806476484193
15.882806476484193
15.882806476484193
15.882806476484193
12.952968388589051
13.801079414032383
13.801079414032383
0.9252120277563608
0.9252120277563608
0.4626060138781804
0.9252120277563608
0.9252120277563608
0
1.4649190439475714
13.569776407093293
13.569776407093293
13.878180416345412
13.878180416345412
0
0
0
0
0
0
0
0.5397070161912104
0.5397070161912104
0.5397070161912104
0.5397070161912104
0.5397070161912104
0.5397070161912104
0.07710100231303006
10.79414032382421
13.41557440246723
13.41557440246723
15.728604471858135
0
0
0
12.181958365458751
0
0
0
3.3153430994602933
3.3153430994602933
25.28912875867386
3.3153430994602933
3.3153430994602933
0.30840400925212025
11.642251349267541
0
10.17733230531997
3.0069390902081725
0.15420200462606012
1.002313030069391
1.002313030069391
1.002313030069391
1.002313030069391
0.7710100231303008
0.7710100231303008
0.6168080185042405
11.0254433307633
11.0254433307633
23.90131071703932
3.3924441017733233
2.081727062451812
2.081727062451812
2.081727062451812
3.3924441017733233
23.90131071703932
13.18427139552814
5.936777178103315
0.6939090208172706
0.6939090208172706
22.0508866615266
16.962220508866615
0.2313030069390902
0.2313030069390902
0.2313030069390902
0.2313030069390902
0.2313030069390902
0.2313030069390902
0.2313030069390902
2.5443330763299925
0.3103180760279286
0
0.07757951900698215
0
0
0.07757951900698215
0
0.1551590380139643
0
0.5818463925523661
0.5818463925523661
0.1551590380139643
1.1249030256012413
0.6982156710628394
2.4437548487199376
0
0
0
0
0
0.038789759503491075
0.07757951900698215
0.27152831652443754
0
0
0.8921644685802949
1.6291698991466252
1.6291698991466252
33.97982932505818
0.3103180760279286
2.404965089216447
2.404965089216447
2.404965089216447
2.404965089216447
2.404965089216447
0.5430566330488751
0.5818463925523661
0.5818463925523661
2.404965089216447
2.482544608223429
0.07757951900698215
0.5818463925523661
30.449961210240495
1.008533747090768
0.8145849495733126
0
3.2971295577967417
3.2195500387897598
0.11636927851047324
1.590380139643134
0.6206361520558572
1.7067494181536074
0
0
2.986811481768813
2.986811481768813
0.1551590380139643
0.3103180760279286
0.1551590380139643
1.7843289371605897
0
1.590380139643134
1.047323506594259
1.047323506594259
1.047323506594259
0.038789759503491075
0.038789759503491075
0.038789759503491075
0.07757951900698215
0.6594259115593484
0.6594259115593484
1.008533747090768
0.6594259115593484
0
5.866666666666666
5.866666666666666
0.26666666666666666
4.266666666666667
0.17777777777777778
31.822222222222223
31.822222222222223
0
0
1.2444444444444445
8.0
0.26666666666666666
1.2444444444444445
0.08888888888888889
0
4.266666666666667
4.266666666666667
2.1333333333333333
0
0.26666666666666666
1.3333333333333335
4.533333333333333
0.26666666666666666
18.133333333333333
0
0
0
0.4444444444444444
0.4444444444444444
0.08888888888888889
0.4444444444444444
0.4444444444444444
0.08888888888888889
0.4444444444444444
0.08888888888888889
0
0
0.17777777777777778
0.6222222222222222
0.17777777777777778
0.08888888888888889
0.8
0
0
0
0
4.8
6.044444444444444
2.311111111111111
1.7777777777777777
0
0
0.17777777777777778
0
0
0
0.35555555555555557
0
0
0
0
0
5.422222222222222
4.0888888888888895
0.7111111111111111
0
6.044444444444444
36.62222222222222
0
0.4444444444444444
0.4444444444444444
0.5333333333333333
0.5333333333333333
0
0.08888888888888889
0.08888888888888889
1.4222222222222223
1.4222222222222223
1.4222222222222223
0.08888888888888889
1.4222222222222223
0.4444444444444444
0.4444444444444444
15.911111111111111
15.911111111111111
15.911111111111111
15.911111111111111
15.911111111111111
15.911111111111111
15.911111111111111
15.911111111111111
15.911111111111111
15.911111111111111
15.911111111111111
15.911111111111111
15.911111111111111
15.911111111111111
11.11111111111111
11.11111111111111
1.3333333333333335
15.733333333333333
0
17.155555555555555
15.733333333333333
15.733333333333333
0
5.688888888888889
0.7111111111111111
0.26666666666666666
9.333333333333334
7.644444444444444
7.644444444444444
7.644444444444444
4.016064257028113
2.0080321285140563
2.0080321285140563
16.46586345381526
16.46586345381526
3.2128514056224895
26.506024096385545
0.4016064257028112
2.0080321285140563
2.4096385542168677
1.2048192771084338
1.2048192771084338
1.2048192771084338
1.2048192771084338
16.46586345381526
16.46586345381526
16.46586345381526
2.0080321285140563
11.646586345381527
11.646586345381527
21.686746987951807
21.686746987951807
21.686746987951807
21.686746987951807
21.686746987951807
21.686746987951807
21.686746987951807
0.4016064257028112
0.4016064257028112
2.0080321285140563
3.2128514056224895
11.646586345381527
29.31726907630522
29.31726907630522
29.31726907630522
1.2048192771084338
1.2048192771084338
1.2048192771084338
0.4016064257028112
3.2128514056224895
4.016064257028113
6.425702811244979
18.87550200803213
18.87550200803213
18.87550200803213
18.87550200803213
18.87550200803213
18.87550200803213
4.016064257028113
2.8112449799196786
4.016064257028113
0.8032128514056224
15.66265060240964
15.66265060240964
15.66265060240964
15.66265060240964
15.66265060240964
1.6064257028112447
1.6064257028112447
5.622489959839357
4.417670682730924
0.8032128514056224
3.614457831325301
0
2.0080321285140563
6.425702811244979
3.614457831325301
13.654618473895583
0.8032128514056224
0.4016064257028112
10.843373493975903
10.843373493975903
10.843373493975903
10.843373493975903
10.843373493975903
10.843373493975903
2.0080321285140563
2.0080321285140563
0
1.2048192771084338
0.8032128514056224
1.2048192771084338
1.2048192771084338
1.2048192771084338
0.4016064257028112
2.4096385542168677
0.4016064257028112
1.6064257028112447
0.8032128514056224
2.4096385542168677
0.4016064257028112
6.425702811244979
13.253012048192772
6.425702811244979
2.8112449799196786
2.8112449799196786
2.8112449799196786
2.8112449799196786
2.8112449799196786
13.253012048192772
0.4016064257028112
6.425702811244979
3.2128514056224895
2.8112449799196786
2.8112449799196786
0.4016064257028112
2.8112449799196786
0.4016064257028112
0.4016064257028112
6.024096385542169
0.4016064257028112
0.4016064257028112
1.2048192771084338
5.622489959839357
12.048192771084338
0.8032128514056224
0.4016064257028112
42.570281124497996
0
18.473895582329316
0.4016064257028112
5.220883534136546
2.8112449799196786
0
17.670682730923694
14.056224899598394
0.4016064257028112
0.8032128514056224
4.016064257028113
2.8112449799196786
0
0
2.0080321285140563
2.0080321285140563
1.6064257028112447
0.4016064257028112
1.6064257028112447
3.614457831325301
0
2.0080321285140563
2.0080321285140563
2.0080321285140563
2.0080321285140563
2.0080321285140563
2.0080321285140563
10.040160642570282
0
0.19305019305019305
0.3861003861003861
0
0.28957528957528955
0.28957528957528955
0.7722007722007722
0.7722007722007722
0.5791505791505791
0.5791505791505791
0.28957528957528955
0
0.09652509652509653
0.09652509652509653
0.4826254826254826
0.4826254826254826
0
0
0
0
1.0617760617760617
1.0617760617760617
1.0617760617760617
0
0
0.09652509652509653
0
0
0.6756756756756757
0.6756756756756757
0.28957528957528955
0
0.09652509652509653
0.09652509652509653
0.09652509652509653
0.09652509652509653
0.09652509652509653
0.28957528957528955
0
0
0
0
0
0
0
0
0.3861003861003861
0.3861003861003861
0.3861003861003861
0.3861003861003861
0
0
0
0.28957528957528955
0.28957528957528955
0.6756756756756757
0
0
0.09652509652509653
0.09652509652509653
0.09652509652509653
0.09652509652509653
0.09652509652509653
0.09652509652509653
0.09652509652509653
0.09652509652509653
0.09652509652509653
0.19305019305019305
0.19305019305019305
0.28957528957528955
0.28957528957528955
0.28957528957528955
0.28957528957528955
0
0
0.09652509652509653
0.09652509652509653
0
0
0
0.19305019305019305
0.19305019305019305
0
0
0
0.19305019305019305
0.19305019305019305
0.19305019305019305
0
0.6756756756756757
0.3861003861003861
0.5791505791505791
0
0
0.19305019305019305
0.19305019305019305
0.5791505791505791
0.5791505791505791
0.19305019305019305
0.5791505791505791
0
0
0
0
0
0
0
1.0617760617760617
0
1.0617760617760617
0.6756756756756757
0
0
1.4478764478764479
0
0.09652509652509653
0.09652509652509653
0.19305019305019305
0.9652509652509652
0.4826254826254826
0.5791505791505791
0.8687258687258688
0.8687258687258688
0.8687258687258688
0.8687258687258688
0.8687258687258688
0.4826254826254826
0
0.19305019305019305
0
0.8687258687258688
0
0.8687258687258688
0.28957528957528955
0.28957528957528955
0
2.3166023166023164
0.09652509652509653
0.09652509652509653
0
0
0
0
0.09652509652509653
0
0
0
0
0
0
0
0
0
0
0
0
0
0
0
0
0
0
0
0
0.07139867543146958
0
0
0.05170248910554694
0.027082256198143636
0.027082256198143636
0.022158209616662972
0
0.029544279488883964
0
0
0
0
0.0024620232907403305
0.0024620232907403305
0.004924046581480661
0.18711377009626512
0
0
0
0.18711377009626512
0.18711377009626512
0.007386069872220991
0.029544279488883964
0.029544279488883964
0.034468326070364624
0.029544279488883964
0
0.019696186325922644
0.019696186325922644
0.019696186325922644
0.019696186325922644
0.019696186325922644
0
0.0024620232907403305
0.0024620232907403305
0.0024620232907403305
0.0024620232907403305
0.0024620232907403305
0.0024620232907403305
0
0
1.002313030069391
1.002313030069391
1.0794140323824208
1.0794140323824208
1.0794140323824208
1.002313030069391
0
0
0
0
13.18427139552814
0
0
0
15.882806476484193
15.882806476484193
0.9252120277563608
0.9252120277563608
0.9252120277563608
0.9252120277563608
0
0.9252120277563608
0
0
0
0
0
0
0.5397070161912104
0
0
0
0
0
0
0
0
3.3153430994602933
0
0.7710100231303008
0
0
5.936777178103315
0
0
0
0
0
0
0.2313030069390902
0
0
0
0
0
0
0
0
0
0.1551590380139643
0.1551590380139643
0
0
0
0
0
0
0
0
0.27152831652443754
0.27152831652443754
0
0
0.038789759503491075
0
1.1249030256012413
0
0
0
2.017067494181536
0.5430566330488751
0.5430566330488751
0
0
1.9394879751745537
0
0
0
0
1.9394879751745537
0
0
0.23273855702094648
0.23273855702094648
0
0
1.900698215671063
0
0
0
0
0
0
0
0.1551590380139643
0.1551590380139643
0
0
1.7843289371605897
1.7843289371605897
1.7067494181536074
1.7843289371605897
0
0
0
1.590380139643134
0
1.047323506594259
1.047323506594259
0
0
0
8.266666666666666
4.266666666666667
0
4.266666666666667
0
0
0
0
8.0
8.0
8.0
0
0
1.866666666666667
1.866666666666667
0.17777777777777778
0.17777777777777778
0
0
0
0
0
0.35555555555555557
2.311111111111111
0.4444444444444444
0
0.08888888888888889
0
0
0.08888888888888889
0.08888888888888889
0.08888888888888889
0
0
0
0.8
0.8
0
0
0
0
0
0
1.6
0
0
1.6888888888888887
4.711111111111111
0
0
4.711111111111111
0
0
0
0
0
0
0
4.355555555555555
0.26666666666666666
3.4666666666666663
0
0
0
0.08888888888888889
0
0
0
0
0
0
0
0
0
0
0
0.5333333333333333
0
0
0
0
0
2.488888888888889
0
0
0
0
0
15.911111111111111
15.911111111111111
0
0
0
0
0
0
0
0
0
0
0.7111111111111111
0.7111111111111111
0
4.016064257028113
2.0080321285140563
16.46586345381526
16.46586345381526
0
24.899598393574294
3.2128514056224895
11.646586345381527
3.2128514056224895
11.646586345381527
11.646586345381527
11.646586345381527
11.646586345381527
11.646586345381527
0
18.87550200803213
1.6064257028112447
1.6064257028112447
0
0.8032128514056224
0.8032128514056224
2.4096385542168677
2.0080321285140563
2.0080321285140563
0
0
0
1.2048192771084338
1.2048192771084338
1.2048192771084338
1.2048192771084338
4.417670682730924
2.4096385542168677
0
6.425702811244979
0
6.024096385542169
2.8112449799196786
0
0
0
0
12.048192771084338
4.016064257028113
0
0
0
0
0
0
24.096385542168676
0
0
0
0
2.4096385542168677
0
0
0
0
0.4016064257028112
0
2.0080321285140563
0
4.819277108433735
0.19305019305019305
0.19305019305019305
0
0
0
0.7722007722007722
0.5791505791505791
0.5791505791505791
0
0.09652509652509653
0
0.4826254826254826
0.4826254826254826
0
0
0
0
0
0
0
0
0
0
0.6756756756756757
0.09652509652509653
0.09652509652509653
0
0
0
0.6756756756756757
0
0
0.09652509652509653
0.09652509652509653
0.09652509652509653
0
0
0.28957528957528955
0
0
0
0
0
0.09652509652509653
0
0.09652509652509653
0
0
0.6756756756756757
0.5791505791505791
1.3513513513513513
1.3513513513513513
0
0.28957528957528955
0
0
0
0
0
0
0.19305019305019305
0.09652509652509653
0.5791505791505791
0
0
0
0
0
0
0.9652509652509652
0.8687258687258688
0.5791505791505791
0.09652509652509653
0
0
0.28957528957528955
0
0
0
0
0
0
0
0
0
0
0
0
0
0
