584094319-28268-u	1	49	8181	3410
199361183-16735-u	1	104	6559	2753
105700413-11912-u	1	5	4633	2064
34956746-6209-u	1	2	2103	1117
797195189-30571-u	1	111	8871	3685
178465914-16062-u	1	1	6275	2670
222784622-17706-u	1	27	6804	2847
877654433-30952-u	1	6	9143	3753
59134499-7113-u	1	2	2678	1317
94271754-11520-u	1	15	4397	1995
36898173-6537-u	1	1	2322	1203
77294981-10524-u	0	0	4000	1842
491239226-26368-u	1	9	9993	3772
785379633-30520-u	1	3	8849	3673
294915936-21372-u	1	4	8183	3246
851838846-29187-u	1	58	8314	3448
897148980-29187-u	1	58	8314	3448
280996961-20947-u	1	9	7977	3195
389351827-24288-u	1	84	9091	3544
42317207-7057-u	1	5	2581	1302
86686315-10936-u	1	1	4183	1921
884789905-30985-u	1	13	9153	3755
693907509-29827-u	1	3	8569	3568
152554935-14779-u	1	1	5823	2496
847371336-30301-u	1	4	8787	3638
327711169-22431-u	1	8	8550	3365
16937222-3629-u	0	0	1366	695
296453132-21331-u	1	45	8173	3241
65809403-9341-u	0	0	3623	1660
52837414-8505-u	0	0	3253	1563
145989991-14548-u	1	2	5726	2461
203483633-17001-u	1	4	6609	2775
42377108-7228-u	0	0	2776	1353
34953620-6282-u	1	6	2192	1138
553782580-27621-u	1	12	10510	3951
78288768-10616-u	1	2	4040	1859
57523147-8989-u	1	4	3476	1629
368245630-21774-u	1	14	6131	2755
241953890-18530-u	1	4	7175	2961
130240937-13722-u	1	19	5420	2349
27780189-5365-u	1	3	1843	975
890662082-26467-u	1	8	7398	3154
159128431-14779-u	1	1	5823	2496
48104847-7921-u	0	0	2991	1460
66687596-9744-u	0	0	3827	1736
487292434-13449-u	1	11	4688	2141
947464823-31174-u	1	2	9323	3790
96130842-11724-u	1	4	4491	2029
296452098-20706-u	1	18	7909	3168
191053143-16554-u	1	6	6470	2731
615269868-28774-u	1	70	10896	4082
253924669-17856-u	1	5	6889	2872
447930533-25842-u	1	6	9830	3719
296538988-20706-u	1	18	7909	3168
266222394-19296-u	0	0	7643	3078
991107988-31241-u	1	19	9370	3802
847368788-30301-u	1	4	8787	3638
927007871-31097-u	1	5	9237	3771
579297059-26946-u	1	10	7724	3242
185021518-16328-u	1	13	6417	2706
2558975-619-u	1	53	437	141
98904075-11685-u	0	0	4500	1992
245512497-17856-u	1	5	6889	2872
251209011-15846-u	1	46	6196	2631
890679729-26508-u	0	0	7401	3157
77250471-10517-u	1	8	3982	1836
158590154-15068-u	1	5	5899	2533
264007488-18635-u	1	1	7222	2981
38814186-6768-u	1	6	2459	1234
8991025-2171-u	0	0	1011	456
805522650-30618-u	1	1	8893	3697
6785628-1558-u	0	0	858	338
10061535-2460-u	1	1	1112	518
181559196-16189-u	1	100	6329	2686
134646860-13996-u	1	1	5524	2377
4586174-872-u	1	37	584	211
77254730-10517-u	1	8	3982	1836
9065922-2191-u	1	8	1019	459
52840547-8478-u	1	1	3239	1557
81446239-10807-u	0	0	4089	1884
139289072-14231-u	1	2	5613	2408
391739569-24327-u	1	1	9108	3550
998767124-29944-u	1	62	8428	3553
379640063-22838-u	1	12	8690	3415
895179540-31018-u	0	0	9190	3761
41736094-7145-u	0	0	2701	1328
181548436-16106-u	1	9	6287	2674
152942566-14687-u	1	7	5212	2289
293581097-21372-u	1	4	8183	3246
54336622-8682-u	1	6	3391	1587
700935027-29897-u	1	20	8600	3576
7236058-1660-u	0	0	906	362
550193707-27574-u	1	7	7883	3325
59975949-9110-u	1	40	3483	1635
77440544-10542-u	1	9	3987	1846
579262992-26946-u	1	10	7724	3242
563309161-27937-u	1	9	7989	3374
79701924-10509-u	0	0	3974	1835
10113609-2469-u	0	0	1113	522
80374918-10718-u	1	1	4070	1877
56207797-8868-u	1	4	3444	1617
50626359-8178-u	1	4	3092	1503
61536832-9324-u	1	1	3636	1657
123075386-13315-u	0	0	5122	2280
238069446-18135-u	1	6	7092	2916
577934337-28193-u	1	322	10690	4024
8891114-2151-u	1	2	1003	452
167046286-15462-u	1	1	6097	2575
68488225-9890-u	1	4	3862	1763
389351591-24288-u	1	84	9091	3544
39349964-6852-u	0	0	2495	1256
113156654-8008-u	1	10	3035	1474
50500487-8295-u	1	7	3217	1533
291694398-21319-u	0	0	8168	3239
41536094-7092-u	1	11	2670	1311
112823576-12792-u	1	3	4939	2200
579713675-26946-u	1	10	7724	3242
159128470-14779-u	1	1	5823	2496
111736868-12712-u	1	1	4560	2066
123081529-13315-u	0	0	5122	2280
48773868-7145-u	0	0	2701	1328
280997987-20632-u	0	0	7813	3150
78965365-10649-u	1	5	4050	1864
78222963-10607-u	1	2	3999	1857
81446260-10807-u	0	0	4089	1884
279106240-18635-u	0	0	5662	2564
101254165-12140-u	1	225	4711	2049
105558383-11912-u	1	5	4633	2064
237618145-18268-u	1	10	7120	2926
111666634-12699-u	1	1	4901	2185
403714172-24562-u	1	15	9171	3579
223186780-17497-u	1	17	6779	2832
64789262-9598-u	1	5	3795	1713
241939425-16354-u	1	17	5231	2362
282193058-17850-u	1	1	6868	2868
556360858-27787-u	1	14	7938	3353
863767094-30908-u	1	1	9116	3747
20717910-4233-u	1	13	1472	784
21466378-4411-u	0	0	1529	815
36895086-6537-u	1	1	2322	1203
23813374-4796-u	1	9	1617	879
147433234-14597-u	0	0	5743	2472
42377054-7228-u	0	0	2776	1353
695687159-29325-u	1	12	8378	3465
178647342-16059-u	1	7	6273	2669
157798019-15026-u	1	16	5883	2527
40493258-6649-u	1	4	2335	1212
947477729-31174-u	1	2	9323	3790
49946583-7852-u	0	0	2951	1451
253527350-19125-u	1	9	7514	3056
23501146-4780-u	1	1	1610	876
103948832-12328-u	1	1	4778	2123
619642146-28848-u	1	1	10914	4089
244782372-17939-u	1	1	6925	2890
115079766-12986-u	1	13	5037	2244
276379597-20694-u	1	15	7859	3166
528202025-27130-u	1	13	10374	3879
86685897-11063-u	1	6	4225	1936
202412420-16958-u	1	5	6604	2771
121263380-13315-u	0	0	5122	2280
687256424-29765-u	1	3	8530	3551
554342053-27732-u	1	8	7917	3342
160026071-15124-u	1	3	5912	2539
96057086-11701-u	1	6	4307	1975
279108761-18635-u	0	0	5662	2564
575809583-27763-u	1	5	7931	3349
393912096-21837-u	1	18	8320	3297
29872154-5642-u	1	3	1903	1015
588018506-26147-u	1	2	7306	3123
5085277-1012-u	1	14	651	243
36663490-6517-u	0	0	2296	1197
152554145-14779-u	1	1	5823	2496
22315972-4554-u	1	1	1566	835
532098788-27230-u	1	2	7813	3283
798134718-27749-u	1	268	7847	3309
51349877-8376-u	1	1	3216	1545
98299145-11835-u	1	6	4591	2049
386587932-24199-u	1	15	9073	3534
52108767-8446-u	1	1	3234	1552
86805284-11132-u	1	1	4253	1944
42314519-7214-u	1	1	2767	1348
98904297-11685-u	0	0	4500	1992
111736390-12712-u	1	1	4560	2066
132830921-13805-u	1	13	5073	2217
272808395-20402-u	1	2	7757	3116
85981912-10911-u	1	5	4158	1916
98869264-11929-u	1	15	4638	2020
52108788-8446-u	1	1	3234	1552
403709709-24429-u	1	18	6649	2970
946121032-31170-u	1	15	8816	3700
211683503-17249-u	1	4	6650	2803
97200789-11796-u	1	29	4583	2040
341873020-22180-u	1	60	8394	3330
123075987-13315-u	0	0	5122	2280
42312509-7214-u	1	1	2767	1348
8335803-1941-u	0	0	966	417
80761599-10769-u	1	1	4083	1886
191043365-16328-u	1	13	6417	2706
157256125-14951-u	1	141	5852	2514
93053998-11484-u	0	0	4378	1991
29998085-5664-u	0	0	1910	1020
185084571-16329-u	1	9	6429	2707
239555267-18371-u	1	34	7136	2937
279192878-20871-u	1	15	7956	3190
283207832-21079-u	1	16	8015	3218
150037511-14676-u	1	6	5809	2488
40995595-7040-u	1	11	2562	1295
158687390-15079-u	1	10	5270	2320
83551837-10934-u	1	8	4182	1920
4910574-928-u	0	0	605	224
862405620-22390-u	0	0	6210	2810
579699872-26946-u	1	10	7724	3242
259626674-19244-u	1	6	7540	3071
55924350-8805-u	0	0	3423	1605
721897647-30048-u	1	18	8676	3600
160028021-15182-u	1	9	5945	2551
59973593-9195-u	1	34	3595	1642
329576960-22520-u	1	9	8564	3371
375338097-20618-u	1	6	7812	3149
6354350-1409-u	0	0	803	312
341873674-22902-u	1	3	8705	3422
8891050-2151-u	1	2	1003	452
96424385-11462-u	1	4	4411	1961
105533507-11989-u	1	2	4673	2073
176918019-15927-u	1	12	6211	2647
279197476-20875-u	1	7	7959	3191
479685640-26445-u	0	0	7387	3150
46761022-7767-u	0	0	2932	1439
52822675-8537-u	1	1	3345	1570
49921938-8181-u	0	0	3092	1504
706853488-29947-u	1	6	8628	3585
145457972-14534-u	1	4	5721	2457
579298938-26946-u	1	10	7724	3242
168919353-15628-u	1	3	6132	2591
148961152-14674-u	1	120	5802	2487
525404849-27047-u	1	13	7760	3255
126310675-13613-u	1	8	5342	2333
393923279-21837-u	1	18	8320	3297
169353762-15659-u	1	2	6142	2597
33416715-6104-u	1	12	2070	1099
245866976-18757-u	1	8	7265	3003
79701856-10509-u	0	0	3974	1835
532242149-27230-u	1	2	7813	3283
889070088-26283-u	0	0	7339	3136
822075831-30723-u	1	53	8669	3662
389351607-24288-u	1	84	9091	3544
52974164-8575-u	0	0	3368	1577
584681743-28268-u	1	49	8181	3410
41695137-7080-u	1	57	2662	1306
703161864-29914-u	1	1	8603	3578
206292093-16716-u	1	24	5304	2389
8891060-2151-u	1	2	1003	452
278438804-18635-u	0	0	5662	2564
245867886-18757-u	1	8	7265	3003
138403642-14132-u	1	17	5572	2394
947466670-31174-u	1	2	9323	3790
158687346-15079-u	1	10	5270	2320
152944335-14687-u	1	7	5212	2289
553309576-27705-u	1	18	7914	3339
575803137-28134-u	1	9	8035	3396
763908997-30330-u	1	2	8801	3645
13813327-3089-u	1	4	1270	625
47356808-7842-u	1	15	2949	1449
436129335-25424-u	1	129	9725	3686
51351254-8376-u	1	1	3216	1545
546621348-27492-u	1	1	7863	3316
103475432-12305-u	0	0	4773	2120
309406362-21962-u	0	0	8343	3309
125800710-13525-u	1	3	5258	2318
83538292-10926-u	1	11	4173	1919
104287109-12234-u	1	59	4727	2059
132830878-13805-u	1	13	5073	2217
80656203-10648-u	1	20	4067	1867
102427281-12213-u	1	9	4753	2108
245625923-15445-u	1	9	5120	2283
23780064-4796-u	1	4	1617	879
178461450-16059-u	1	7	6273	2669
797179251-30571-u	0	0	8871	3685
64988005-9590-u	0	0	3803	1710
57522871-8989-u	1	4	3476	1629
52108777-8446-u	1	1	3234	1552
895225861-31018-u	0	0	9190	3761
184891234-16328-u	1	13	6417	2706
276380436-20694-u	1	15	7859	3166
654996763-29318-u	1	9	8298	3456
40494604-6986-u	1	2	2541	1284
187358924-16427-u	1	3	6438	2714
5446596-1012-u	0	0	651	243
48447027-7994-u	1	1	3015	1471
64791802-9598-u	1	5	3795	1713
158543890-15012-u	1	10	5872	2525
177471779-15979-u	1	7	6224	2653
38785215-6755-u	1	4	2450	1231
546626367-27492-u	1	1	7863	3316
9623121-2369-u	1	1	1083	496
52837294-8507-u	1	2	3260	1565
101268187-12140-u	1	225	4711	2049
247950769-18850-u	1	25	7304	3016
44870121-7505-u	1	49	2857	1396
138944095-14185-u	1	1	5595	2400
57522864-8989-u	1	4	3476	1629
48678289-8051-u	1	159	3035	1481
6292243-1326-u	1	4	764	299
392708860-24330-u	1	6	9123	3552
152938092-14687-u	1	7	5212	2289
692527227-29826-u	1	1	8451	3552
87685215-11165-u	1	2	4256	1935
386015532-24182-u	1	17	9069	3532
48786049-7145-u	0	0	2701	1328
57523136-8989-u	1	4	3476	1629
8990882-2171-u	0	0	1011	456
900060057-15687-u	0	0	5141	2299
653053793-29229-u	1	4	11038	4134
939747216-31144-u	1	21	9275	3777
122329210-13322-u	1	9	5138	2281
95058730-11626-u	0	0	4424	2012
36568745-6277-u	1	8	2189	1137
1988832-507-u	1	8	358	116
331480791-22180-u	1	60	8394	3330
49496702-7145-u	0	0	2701	1328
46760970-7767-u	0	0	2932	1439
272808742-20402-u	1	2	7757	3116
197647037-16317-u	1	9	6389	2703
54336580-8680-u	1	4	3378	1586
197567743-16716-u	1	24	6554	2751
178322712-16038-u	1	6	6262	2664
391863902-24328-u	1	7	9118	3551
98335522-11850-u	1	2	4598	2052
27780125-5365-u	1	3	1843	975
865523943-29291-u	1	3	8258	3453
49168171-8176-u	1	22	3092	1501
447946783-25751-u	1	30	9813	3710
61753620-9371-u	1	4	3635	1668
62419652-9395-u	1	29	3666	1674
306082245-18521-u	1	144	5610	2530
10120065-2475-u	1	4	1118	523
146135160-11873-u	1	6	4616	2056
422009509-24517-u	1	163	9159	3570
49496605-7145-u	0	0	2701	1328
327712497-22431-u	1	8	8550	3365
49168273-8176-u	1	22	3092	1501
24964059-4998-u	1	3	1688	908
105558346-11912-u	1	5	4633	2064
112824083-12709-u	1	3	4910	2187
393922733-21837-u	1	18	8320	3297
13519520-3035-u	1	4	1253	614
572255399-28119-u	1	8	8025	3395
560729459-27861-u	1	12	7974	3367
52840533-8478-u	1	1	3239	1557
140089872-14279-u	1	5	5630	2414
82011015-10842-u	1	1	4110	1907
64987791-9590-u	0	0	3803	1710
11238088-2662-u	1	58	1158	546
178323664-16021-u	1	10	6259	2662
6029722-1335-u	1	28	770	300
577929140-28193-u	1	322	10690	4024
249268565-18876-u	1	7	7310	3020
392574473-24328-u	1	7	9118	3551
33143562-6061-u	1	6	2028	1089
121263529-13315-u	0	0	5122	2280
254060978-17856-u	1	5	6889	2872
278906561-20843-u	1	3	6014	2705
34956619-6209-u	1	2	2103	1117
506930852-26910-u	1	325	10316	3848
275109733-20659-u	1	40	7828	3158
280998284-20923-u	1	1	7961	3193
78288759-10616-u	1	2	4040	1859
164470792-15445-u	1	9	6093	2572
106785760-12178-u	1	24	4750	2105
123329215-13268-u	1	2	5116	2276
490573799-26607-u	1	32	10238	3801
78299255-10597-u	0	0	3998	1855
96422123-11683-u	1	9	4480	2022
